-75.21310
-63.93090
-51.66640
-60.95360
-47.61120
-64.06410
-42.29330
-88.74400
-74.07600
-68.28120
-60.92850
-57.90130
-70.13300
-65.86570
-63.46840
-79.64280
-69.81470
-58.27640
-43.48330
-51.46610
-48.14170
-84.31690
-53.75870
-61.35330
-65.86980
-57.04660
-78.69970
-79.43990
-69.97680
-65.05730
-64.50290
-44.99960
-69.13190
-60.29110
-52.57570
-57.57240
-62.31970
-69.10280
-54.42400
-47.15270
-46.01160
-61.46630
-52.79870
-60.12700
-61.78930
-69.28770
-74.04130
-69.70810
-46.28800
-72.92240
-57.84960
-62.76070
-60.65360
-59.99370
-45.09850
-66.98070
-69.74040
-66.75110
-43.18120
-74.85270
-66.51330
-55.27920
-42.70510
-49.59810
-56.24350
-38.55730
-83.69190
-53.22250
-65.85780
-62.32290
-49.84250
-72.35090
-60.29120
-61.86320
-59.47790
-53.00180
-66.71530
-60.59990
-33.75090
-61.32190
-67.56960
-87.08890
-59.36230
-66.73900
-69.89680
-69.26400
-52.41450
-57.78380
-66.59490
-66.32800
-55.32050
-66.88160
-47.48550
-67.49600
-51.28290
-47.64890
-73.05500
-40.44360
-72.93200
-64.77400
-27.15950
-57.27450
-64.36860
-38.42480
-70.98060
-65.68130
-67.36420
-60.68960
-47.26150
-64.00660
-53.21180
-34.71880
-56.48360
-65.96160
-45.19570
-75.73240
-73.03820
-48.48590
-88.05800
-54.15050
-45.46350
-73.96140
-72.24690
-75.46210
-46.17950
-61.17190
-63.59990
-44.01610
-53.79340
-59.48810
-38.09680
-71.41330
-43.74340
-46.87380
-52.07820
-64.94380
-64.73300
-55.17920
-59.09170
-49.44200
-73.73660
-45.48760
-97.46690
-66.01610
-60.63970
-35.14990
-62.61790
-76.55350
-68.69190
-79.49050
-68.82680
-77.16520
-65.43530
-65.04790
-36.77660
-61.50250
-52.65540
-60.47770
-41.84360
-72.39900
-75.45260
-57.10250
-65.92490
-52.51700
-84.99500
-44.81840
-79.48020
-51.58550
-60.53430
-43.75710
-85.90930
-67.60630
-52.40610
-62.74660
-73.09950
-57.38050
-44.49380
-87.47860
-59.96530
-87.10000
-71.23000
-76.83980
-76.50500
-53.64430
-33.99730
-68.70740
-44.84630
-57.59130
-69.35700
-63.59380
-58.00770
-58.22450
-43.79680
-67.77370
-45.59240
-34.06510
-55.44650
-52.68740
-36.22710
-80.92080
-58.50530
-91.70350
-39.66970
-75.08360
-39.15760
-83.91840
-63.08290
-80.63660
-50.19190
-54.46910
-61.00170
-39.86530
-50.12640
-82.63170
-66.57820
-67.00460
-50.35640
-53.92360
-52.09630
-41.75420
-54.50560
-43.98980
-44.46110
-53.39640
-69.60970
-61.41190
-29.74590
-81.46320
-62.84070
-75.64950
-46.24310
-79.88850
-53.70320
-56.88320
-42.09260
-62.01940
-68.53750
-88.31050
-59.03870
-60.12880
-58.03620
-63.05380
-45.51590
-71.26850
-66.15700
-38.72050
-70.42120
-59.50360
-47.80090
-50.12480
-53.48880
-72.88070
-80.16200
-76.51110
-54.10330
-58.77080
-77.36020
-64.99660
-74.15600
-64.40310
-90.18840
-73.15570
-46.38080
-64.42410
-64.54520
-68.30290
-67.73080
-64.81560
-47.15520
-65.79750
-69.99630
-78.50730
-64.73110
-63.32400
-62.23870
-38.96750
-38.19720
-66.37460
-57.73050
-72.55730
-88.74650
-55.63140
-79.90230
-48.26650
-73.89720
-54.60290
-56.98150
-65.77220
-57.23160
-44.98620
-76.94340
-65.98570
-72.66180
-77.15100
-43.84950
-58.77560
-53.83930
-70.99050
-57.75950
-32.21410
-57.30710
-85.02460
-79.59260
-54.59750
-56.33310
-89.42640
-70.13650
-83.07790
-52.66400
-61.04020
-63.90330
-61.51290
-76.10750
-41.92620
-61.99350
-64.42410
-71.58500
-42.10870
-38.52610
-58.87130
-48.55790
-56.06860
-54.40190
-60.73690
-58.50110
-33.74950
-58.71200
-46.14340
-84.57190
-72.63210
-70.39830
-74.00720
-66.20500
-78.58780
-65.84670
-55.79060
-54.65300
-49.05670
-48.83660
-67.05390
-55.00580
-49.74070
-50.20760
-73.75190
-62.84140
-67.77980
-45.12310
-43.79560
-59.32280
-48.22460
-60.53380
-44.04430
-46.17020
-79.88130
-69.33210
-83.77110
-63.40010
-62.53700
-30.42590
-73.60750
-56.79770
-68.88230
-77.09360
-39.09500
-70.66870
-70.04780
-54.26380
-85.36050
-47.36020
-55.71870
-70.80390
-53.16170
-62.55610
-53.84720
-41.22410
-56.32160
-68.45650
-69.24160
-63.60040
-61.74100
-86.97270
-51.83020
-57.66440
-43.95740
-77.81840
-65.19060
-42.88300
-31.02520
-75.39760
-70.03380
-79.48860
-70.37620
-70.70810
-59.99090
-48.51530
-57.98490
-74.79080
-67.28250
-55.51290
-51.20980
-75.34560
-75.85300
-57.88110
-95.79420
-63.64520
-67.51910
-38.91520
-66.52480
-63.49800
-48.79580
-43.70710
-51.06860
-63.72840
-63.76150
-76.42740
-58.60750
-45.62900
-56.11840
-34.81540
-70.83820
-72.78540
-84.29720
-70.40330
-62.13160
-46.51990
-43.29680
-78.85040
-48.09980
-73.82320
-63.37100
-66.32010
-60.75050
-62.33790
-61.68460
-61.16880
-51.03650
-81.39890
-75.99320
-47.35190
-64.52310
-85.30750
-56.47400
-51.63030
-59.67970
-32.62080
-55.30680
-77.67950
-40.67790
-74.41610
-60.18910
-78.10890
-61.84540
-60.48660
-58.41350
-54.51480
-59.18230
-58.62210
-71.37390
-73.44610
-59.80700
-73.80390
-43.80240
-57.75840
-68.70520
-63.53300
-42.65790
-25.09280
-72.20450
-84.50680
-59.50660
-56.69100
-62.77220
-66.33730
-58.97120
-75.54060
-62.37230
-48.92330
-50.72250
-58.47770
-59.68990
-65.32730
-56.04920
-60.96180
-48.22200
-62.14000
-49.38770
-75.00850
-47.19800
-64.31790
-69.95540
-65.11950
-46.83720
-49.11040
-67.78660
-72.77190
-83.23000
-48.83130
-58.57760
-83.24660
-75.84840
-56.79190
-80.06220
-61.44490
-49.05050
-44.67770
-94.92930
-50.80600
-67.39500
-54.56310
-48.10160
-62.98480
-56.42500
-77.19290
-60.38560
-56.44190
-89.86780
-58.96350
-40.00250
-33.63230
-78.57300
-66.16200
-52.44170
-44.41120
-69.56380
-63.66270
-49.22200
-41.34400
-54.44680
-78.39580
-56.48120
-50.34160
-74.76570
-54.64940
-58.44590
-64.30450
-67.30870
-66.20010
-77.70020
-57.02110
-66.94950
-44.32040
-67.67420
-63.34050
-59.35890
-48.53650
-62.71150
-76.13160
-60.47050
-49.07540
-57.10310
-57.00820
-65.10390
-89.01990
-80.24590
-74.53000
-31.90430
-56.60010
-39.24790
-77.04780
-66.23640
-55.42500
-50.81980
-48.08500
-93.36190
-66.37940
-56.13260
-65.28030
-80.67680
-67.64460
-68.98430
-74.63890
-55.84890
-58.07280
-40.92500
-70.93860
-74.90830
-94.14440
-60.82080
-42.54870
-62.75050
-79.46040
-72.68890
-50.44010
-73.15810
-41.24800
-39.92890
-86.35550
-63.06050
-43.22230
-69.08050
-64.62140
-51.87140
-70.40960
-81.07080
-64.09440
-72.47740
-72.53160
-78.53770
-28.61240
-60.30410
-47.45430
-72.08530
-64.40380
-72.18100
-42.41230
-65.63330
-45.14630
-74.12710
-82.93140
-66.70300
-61.55550
-77.25690
-62.95900
-66.05650
-64.87290
-47.41320
-79.32270
-62.20010
-70.02830
-60.57640
-63.75910
-73.84530
-27.94870
-59.61010
-71.91160
-53.59940
-62.54440
-59.84630
-54.47480
-46.91220
-70.15040
-53.07950
-70.87520
-55.06920
-66.91570
-78.76660
-39.07730
-55.47870
-71.52190
-65.25930
-52.73780
-60.21060
-74.64030
-64.04570
-55.41870
-48.87940
-67.42760
-74.20220
-53.48510
-83.75960
-58.88810
-50.89070
-60.22970
-39.95180
-90.08120
-64.36170
-75.53730
-35.94560
-66.58740
-61.95720
-56.72160
-49.38010
-61.75570
-70.07630
-70.65730
-24.17390
-52.41380
-64.20190
-70.07760
-69.45690
-56.43160
-71.92010
-56.60640
-86.29040
-70.75430
-57.06100
-83.83110
-86.48990
-21.80870
-75.26070
-58.93280
-42.15960
-78.37920
-59.53360
-56.16960
-91.29080
-68.38450
-64.51250
-73.60840
-73.18370
-55.40150
-48.29530
-53.86910
-55.15220
-38.69370
-62.24040
-47.75170
-61.77870
-72.24510
-24.82010
-80.29400
-68.85380
-61.46050
-54.81630
-84.65390
-55.16880
-41.65720
-39.34710
-65.28700
-61.30390
-46.71020
-65.33530
-57.56200
-67.97930
-69.62300
-44.49820
-76.31090
-69.85490
-76.90670
-54.24880
-39.31560
-73.99910
-55.57210
-64.72610
-52.97630
-51.09550
-71.28010
-64.70230
-58.29940
-58.06020
-59.55410
-59.88100
-80.31150
-67.77820
-51.05300
-50.87620
-74.90080
-87.59860
-57.09080
-42.60520
-51.80300
-65.32690
-54.30050
-75.19750
-36.04540
-61.30830
-60.13270
-46.58960
-51.61930
-44.02770
-58.04490
-73.53960
-82.79720
-59.11170
-48.92430
-76.08110
-80.84820
-56.25260
-77.30930
-32.77330
-50.78900
-70.29510
-62.46490
-36.41730
-57.11410
-50.66420
-69.37990
-74.82790
-55.69930
-35.95070
-50.91390
-69.73970
-73.14620
-69.52820
-70.41060
-73.64610
-41.46200
-67.79430
-72.75980
-84.70850
-62.62770
-72.08980
-66.96760
-70.84970
-73.53700
-56.52630
-53.95060
-51.00120
-73.72470
-26.31740
-64.76940
-44.86580
-50.08110
-36.81050
-77.99980
-67.66150
-52.87270
-66.35610
-42.70020
-82.22490
-56.26630
-52.34540
-68.70410
-72.45680
-58.74990
-70.19040
-31.70840
-51.28160
-62.87680
-65.61320
-31.61720
-35.09760
-44.01700
-47.84190
-62.94360
-56.64540
-55.33150
-74.29720
-64.06470
-48.66620
-58.36430
-47.97600
-65.02490
-49.10740
-94.36820
-63.40400
-56.20980
-52.55120
-55.95570
-72.33240
-54.00520
-58.52300
-64.11290
-65.29170
-70.00680
-65.34970
-63.08290
-57.97330
-67.56990
-60.82500
-56.11240
-56.71770
-42.84570
-72.83230
-53.82280
-69.27710
-50.15010
-65.93300
-74.39130
-64.53030
-56.36640
-77.42090
-56.83030
-64.21680
-74.57100
-59.59340
-66.53690
-54.64530
-72.68080
-79.17650
-71.65230
-54.89340
-86.58650
-61.02610
-66.73560
-69.74060
-70.26710
-64.18200
-52.14950
-68.46860
-67.38390
-65.22250
-69.38990
-54.26090
-54.13400
-58.81390
-55.19050
-54.30750
-48.35840
-63.82080
-46.32270
-72.18430
-59.31140
-37.87170
-60.46290
-52.96700
-80.27980
-52.38750
-57.81090
-75.40050
-56.93740
-78.02690
-56.74270
-60.54140
-52.58200
-40.23550
-40.23560
-54.43510
-76.75110
-76.02890
-59.08250
-29.97280
-67.44350
-44.38460
-46.73440
-45.73320
-50.98960
-83.58160
-62.26260
-28.86770
-48.80260
-51.90130
-68.45880
-60.55150
-68.33370
-70.70620
-47.18160
-61.80560
-50.61760
-67.50450
-57.62500
-27.49800
-59.03190
-73.84000
-70.71880
-67.09320
-53.63200
-69.45880
-55.04390
-65.87620
-56.50900
-65.84000
-65.80580
-61.82030
-84.90850
-67.37810
-57.37600
-55.51510
-62.16770
-75.18780
-87.46020
-37.64430
-66.00270
-65.23480
-60.66540
-59.02700
-78.63670
-59.17550
-51.93390
-42.16000
-70.27550
-67.35530
-56.10080
-66.31820
-61.24620
-54.79540
-70.96110
-68.94010
-89.84250
-31.07380
-78.25950
-65.07530
-77.90800
-70.15230
-36.37250
-83.66800
-57.65770
-59.39150
-52.25750
-66.74320
-47.18350
-58.33990
-65.91510
-46.82510
-46.17530
-46.37110
-56.77320
-57.93370
-78.53950
-36.16330
-44.75260
-51.59760
-48.19950
-67.89730
-64.93040
-70.07700
-61.44340
-58.20870
-77.83090
-79.87070
-77.45760
-57.91370
-84.84500
-47.12560
-53.47120
-61.49120
-52.08870
-72.99760
-72.33030
-33.55090
-59.72600
-49.53730
-56.87490
-79.57730
-66.88920
-41.43390
-64.24470
-54.97600
-97.71390
-63.22590
-57.61140
-62.21530
-67.53530
-83.19120
-58.71750
-58.31740
-64.96240
-63.89300
-57.09500
-51.13530
-50.64920
-50.37420
-79.69340
-69.57430
-46.24040
-51.04490
-64.63730
-52.14840
-49.58680
-72.00180
-56.24410
-88.18040
-71.38380
-61.79190
-66.93500
-61.76660
-66.04010
-59.73970
-66.75530
-62.33560
-75.30930
-75.20080
-80.63540
-25.01320
-38.13830
-75.73470
-63.81610
-71.96740
-55.23590
-64.96500
-47.59570
-53.15390
-43.03150
-56.88480
-49.37720
-47.45190
-45.88340
-55.60040
-36.82470
-57.84810
-56.63080
-57.29270
-46.51660
-75.12440
-54.76750
-58.21070
-67.20740
-65.26690
-55.52920
-53.13780
-79.72640
-56.60800
-72.87290
-55.41570
-57.74920
-62.78550
-64.85290
-46.06370
-49.34830
-51.79320
-70.40900
-70.14600
-52.82150
-64.87750
-23.10240
-42.97120
-59.30950
-69.71530
-59.32420
-58.19540
-61.00180
-58.07160
-63.87060
-66.43020
-58.42790
-40.14090
-82.34850
-66.25200
-66.96180
-77.40060
-66.56430
-48.52330
-71.63530
-79.97900
-59.25860
-54.75800
-51.03930
-52.60810
-47.54330
-67.93580
-62.05210
-57.38670
-73.78880
-46.65820
-58.97260
-74.17690
-73.39190
-47.90320
-17.34220
-74.16230
-64.41580
-73.90470
-26.40950
-85.90760
-54.59560
-44.92450
-43.62320
-58.94660
-56.88940
-44.64250
-64.47830
-61.92620
-69.36250
-66.91010
-63.57130
-60.64170
-69.91880
-65.05870
-61.68430
-63.57680
-59.65150
-63.38270
-49.99880
-47.43710
-44.42790
-81.00400
-59.60800
-78.05440
-51.98270
-57.78820
-71.79230
-77.44170
-55.56660
-56.86050
-77.11490
-65.42720
-65.18060
-81.64390
-54.25270
-44.97400
-62.67490
-82.25660
-91.19700
-66.12480
-63.99620
-65.19060
-59.56980
-64.90610
-62.49070
-60.06220
-45.96020
-51.94660
-78.01600
-70.80280
-49.72840
-43.61950
-68.19730
-65.91130
-62.21920
-55.70760
-78.88130
-80.50630
-62.51920
-47.52100
-67.67110
-75.78360
-71.14250
-73.70850
-79.27830
-76.43510
-71.07170
-69.09570
-57.99480
-65.47460
-83.49610
-77.99120
-75.58110
-66.70360
-52.26740
-85.07850
-64.60600
-51.57840
-65.31910
-77.11480
-65.10530
-21.75590
-54.78850
-72.02260
-53.80690
-52.08140
-59.06350
-71.07860
-55.09610
-50.48710
-56.02290
-57.35300
-57.33230
-63.90120
-60.63740
-52.73590
-61.04320
-51.35620
-61.11940
-66.31960
-43.24290
-66.22260
-56.33770
-80.54870
-52.03320
-46.69420
-70.94800
-53.50420
-87.85140
-70.17830
-77.96590
-75.67010
-55.77010
-59.15840
-47.20730
-55.77540
-43.91370
-56.23050
-69.25590
-65.11840
-49.06840
-53.62650
-49.41540
-74.10770
-42.28040
-54.73720
-92.46680
-68.12100
-55.29710
-72.22330
-77.53960
-46.83260
-54.68860
-69.59600
-63.51360
-38.26850
-66.20630
-65.54340
-54.78940
-53.45870
-42.73640
-85.67430
-48.91200
-50.39250
-48.63490
-68.47120
-59.24220
-56.13430
-69.41680
-73.83710
-54.34870
-73.03360
-66.30690
-41.30660
-51.25820
-55.90520
-48.95000
-57.93470
-45.97930
-69.56190
-83.48060
-48.05690
-63.71920
-56.63540
-73.19550
-48.98440
-59.51360
-58.21500
-70.87630
-51.71690
-40.79000
-73.60550
-53.44940
-65.03020
-55.11460
-36.14050
-68.33510
-46.87120
-55.05760
-59.88870
-71.87390
-96.59470
-81.18560
-64.77880
-70.41140
-63.23720
-70.09210
-64.33190
-65.60260
-63.17580
-64.56340
-53.27660
-46.15860
-40.49690
-78.86830
-58.25140
-64.73600
-43.27430
-69.74190
-64.94260
-69.43030
-89.17760
-38.24960
-36.19590
-68.40070
-44.66310
-68.57770
-85.45200
-80.21030
-65.29310
-56.79120
-50.68960
-53.57580
-46.40890
-71.23810
-89.15760
-82.92560
-75.87920
-71.41080
-63.77160
-95.01900
-73.50910
-77.07520
-56.60370
-70.80660
-54.12100
-73.36730
-40.93160
-39.62680
-68.63040
-43.91170
-74.64780
-65.49650
-55.88570
-90.77900
-83.20360
-80.21940
-31.53580
-45.21920
-89.57900
-63.87460
-31.52690
-69.71220
-65.14380
-47.91220
-59.49660
-66.78620
-80.84750
-68.76470
-71.10590
-68.38890
-75.27220
-51.70380
-53.18740
-45.98140
-63.62480
-54.08750
-40.62260
-65.88560
-68.63110
-59.31870
-37.01240
-57.09250
-79.60270
-80.46190
-55.67630
-70.93230
-59.14460
-41.79690
-44.82370
-51.27460
-67.16760
-66.56940
-36.52260
-60.96730
-54.90940
-62.15190
-73.20880
-44.38980
-57.31920
-67.80450
-62.11860
-49.96290
-89.24650
-43.10110
-46.17500
-71.78390
-43.57150
-62.22120
-70.20490
-54.47560
-76.82760
-77.55050
-54.57580
-67.29460
-80.02990
-84.80190
-53.90230
-43.24070
-57.38780
-63.75620
-72.47050
-42.29630
-54.00730
-73.46260
-64.24780
-52.48320
-67.73630
-60.98000
-65.49160
-50.75960
-29.13490
-65.34120
-84.82560
-79.13100
-59.51660
-48.18740
-34.95000
-68.22470
-69.41790
-47.01640
-50.20090
-71.25870
-62.30240
-62.19630
-59.15890
-56.73070
-49.14130
-60.53310
-43.64700
-67.35700
-70.86360
-58.61420
-89.26030
-63.90510
-47.93320
-63.13820
-59.18690
-54.83290
-47.36090
-50.21470
-44.33660
-83.47410
-62.86650
-70.71100
-69.28760
-55.45370
-87.96550
-55.46500
-76.22750
-69.20620
-70.63290
-24.99070
-58.89070
-76.34890
-69.43640
-44.85700
-66.88940
-42.42230
-52.74670
-45.68820
-68.18320
-74.61430
-73.53100
-59.53730
-76.25550
-53.13730
-44.48770
-59.67040
-72.08650
-39.69650
-38.32410
-61.77050
-68.88900
-49.30310
-49.08100
-47.77580
-85.45680
-57.03030
-40.58110
-67.16520
-40.08260
-77.33100
-71.99940
-43.60750
-66.40810
-87.35400
-74.92780
-65.90850
-57.07520
-71.36320
-64.23330
-59.05310
-64.58480
-52.11540
-86.70130
-48.67360
-60.70020
-48.67230
-70.07130
-47.95340
-57.17810
-91.39490
-44.49130
-69.15820
-52.69390
-52.15730
-44.72290
-79.09630
-53.18560
-82.63360
-62.63650
-75.37070
-54.18650
-66.40680
-63.73250
-45.30320
-52.11170
-74.68530
-58.64890
-59.45060
-50.34170
-50.81220
-47.99370
-72.17050
-79.24780
-68.61690
-75.20200
-64.16300
-74.52310
-95.73450
-58.64030
-80.19340
-79.38000
-66.19180
-57.62460
-46.43960
-77.95420
-46.91590
-63.37770
-82.46370
-82.94050
-73.03960
-64.82780
-58.54620
-57.77420
-99.71750
-65.35780
-67.85540
-81.35140
-55.53660
-59.67980
-58.54220
-65.01550
-65.93430
-76.88760
-56.85510
-49.57070
-37.06110
-39.83290
-49.28670
-68.85310
-56.91370
-64.95900
-68.23820
-69.51260
-47.16990
-66.24130
-69.80020
-78.98240
-78.23840
-74.72400
-67.49690
-61.68520
-69.16950
-61.82670
-70.47900
-58.03610
-83.09260
-72.44330
-64.57890
-56.19220
-56.48790
-66.00220
-70.30680
-47.36340
-69.03250
-69.01310
-36.64020
-59.17630
-54.89800
-45.58000
-72.53440
-64.99600
-45.52500
-43.76140
-68.07760
-35.24180
-50.77440
-53.44270
-58.50970
-53.12330
-55.83690
-63.53910
-82.35460
-68.82940
-57.33340
-45.25960
-48.11610
-85.77470
-34.83160
-57.56430
-58.14020
-52.95240
-61.20630
-52.36780
-69.19260
-56.81170
-31.34800
-65.53120
-52.64800
-73.64180
-38.15650
-57.04110
-53.17100
-39.30140
-71.13450
-60.89810
-52.00170
-56.55270
-44.90100
-50.89990
-66.14170
-63.96000
-63.77180
-51.79660
-91.78290
-53.08900
-78.34620
-59.52130
-49.75760
-48.35960
-84.77500
-60.60570
-76.04230
-36.40140
-41.99310
-87.64350
-87.49920
-80.59070
-69.44630
-73.96420
-56.00090
-68.46160
-74.54700
-85.30850
-46.90580
-62.62840
-46.07530
-63.35130
-47.63510
-53.46440
-53.09120
-47.09770
-66.71300
-54.83100
-45.47680
-68.62170
-67.67990
-62.95920
-53.56410
-51.72050
-66.94620
-52.14370
-75.87680
-50.87570
-52.21660
-86.19760
-80.01290
-60.67280
-53.16480
-52.75060
-52.81440
-42.54020
-86.09960
-60.91900
-64.31020
-88.10120
-81.14130
-55.65820
-65.50660
-62.00320
-61.32030
-59.83760
-61.27010
-72.99720
-60.96360
-36.91830
-55.35690
-50.40920
-41.67790
-68.85980
-75.93330
-59.68230
-56.48630
-64.05390
-53.10160
-70.66680
-55.95870
-58.70790
-55.99450
-65.61750
-52.07090
-46.42700
-37.33130
-58.32930
-66.86340
-43.27380
-57.19380
-73.29400
-59.05790
-62.41330
-71.14220
-60.95500
-54.16070
-65.74340
-63.01680
-61.34180
-77.88020
-79.35750
-63.12370
-50.99510
-38.88820
-63.62150
-48.91050
-69.84060
-48.00090
-74.70950
-50.35260
-69.69840
-58.19520
-61.80870
-56.42460
-52.10050
-31.43970
-42.28240
-56.60380
-65.72760
-72.04020
-52.22950
-55.92030
-63.19470
-69.80740
-33.71640
-65.65990
-59.72610
-37.69770
-46.38260
-65.43330
-46.72320
-49.68110
-68.05140
-59.48490
-66.39270
-32.96960
-53.93050
-52.44550
-60.60740
-58.92890
-62.25280
-79.82230
-98.62760
-60.08200
-35.56700
-65.40270
-65.92930
-68.89510
-60.84010
-52.69490
-55.03770
-80.20350
-71.72620
-63.55850
-77.62480
-59.89460
-31.11080
-50.86220
-48.26630
-48.75630
-74.49950
-68.66980
-53.39000
-63.98670
-57.97500
-45.77350
-77.99220
-62.35730
-64.80750
-54.11490
-54.10720
-57.47920
-95.80500
-61.62060
-62.49580
-66.66520
-51.90550
-50.62090
-55.04940
-53.49380
-42.19250
-70.99460
-80.15980
-60.93760
-77.88010
-46.53140
-71.23260
-56.99870
-61.48070
-65.99950
-81.59420
-45.12400
-46.02320
-60.37920
-58.18810
-66.31660
-67.45940
-74.62970
-40.08610
-64.80100
-60.61900
-38.80340
-31.20170
-31.63630
-71.57470
-58.43210
-80.27780
-56.31080
-65.73360
-65.78610
-65.78830
-78.42770
-46.24330
-74.29690
-42.21540
-65.17930
-53.92030
-64.77070
-70.83020
-45.86550
-63.46550
-56.67860
-41.32790
-72.43790
-75.55920
-57.39650
-76.57110
-37.27730
-32.84350
-72.15510
-43.04330
-75.29660
-54.92360
-57.22720
-41.95960
-52.56640
-23.90690
-70.30810
-70.58580
-97.11220
-55.33140
-36.53880
-87.72860
-58.79660
-65.58630
-69.62830
-78.57080
-79.14320
-54.94070
-63.55830
-54.46500
-70.02240
-68.40530
-44.74670
-66.03240
-64.66670
-55.61320
-75.45150
-43.56000
-74.54240
-40.51650
-68.33220
-74.82440
-46.65460
-49.97600
-77.12760
-71.87230
-60.69650
-48.94690
-62.31730
-59.83410
-52.77910
-69.70450
-57.09280
-85.80790
-53.12270
-74.28060
-56.35840
-51.82300
-67.44490
-50.77930
-50.21500
-70.30600
-66.41140
-65.35240
-56.16940
-57.41230
-85.75300
-60.12270
-43.65680
-62.92350
-67.82940
-39.95240
-55.24400
-76.86470
-65.70270
-77.59480
-63.62120
-33.64850
-63.11760
-57.48590
-83.46720
-60.42600
-44.07930
-17.69200
-58.36770
-43.83620
-78.06190
-70.64930
-60.25990
-58.18340
-50.75950
-69.57220
-39.17040
-59.97880
-73.18170
-65.52320
-49.13710
-82.41080
-47.29970
-64.31770
-53.03040
-64.44930
-39.32550
-43.66100
-63.03560
-61.14490
-57.37310
-61.23430
-45.52210
-88.61820
-77.36710
-76.62020
-32.38690
-78.57030
-76.37420
-54.98130
-40.28930
-73.97320
-66.46940
-71.98390
-69.56210
-41.41670
-77.74440
-63.14310
-55.61210
-76.41790
-74.02350
-59.05550
-77.66130
-58.08110
-83.51170
-73.67670
-62.45320
-47.50380
-50.21630
-82.05090
-80.24170
-71.02660
-73.22110
-60.38150
-66.36740
-51.80060
-54.16100
-62.83720
-52.71400
-88.23310
-86.41850
-55.02710
-47.78290
-63.90630
-38.12860
-43.14580
-58.43750
-56.87850
-75.39250
-66.11700
-52.01200
-70.05440
-73.02240
-64.80670
-51.69140
-58.86220
-59.37830
-43.04070
-61.87550
-67.08530
-54.57650
-47.92520
-82.83170
-65.04880
-48.80830
-44.62240
-58.23120
-59.35110
-80.90410
-79.06190
-47.96770
-40.22520
-56.19390
-66.30950
-41.43730
-48.24820
-65.31430
-46.54960
-56.17850
-68.05180
-74.22590
-87.99510
-52.67690
-59.96060
-39.78290
-60.63150
-76.03850
-40.56480
-64.59430
-80.96160
-52.52940
-50.64640
-66.87350
-58.56440
-72.77290
-60.64930
-75.33350
-76.26590
-50.41900
-81.20420
-71.81540
-69.95560
-67.73880
-79.36610
-41.80960
-59.06700
-66.41160
-58.62090
-56.84780
-44.06250
-39.46290
-71.38560
-47.62560
-59.04050
-39.49580
-70.35830
-60.24420
-49.82770
-61.12810
-48.56030
-48.61060
-51.76720
-51.25440
-65.36230
-42.58890
-58.39710
-62.12080
-25.36300
-56.78880
-32.77280
-51.62780
-67.81980
-42.39140
-71.54420
-64.04400
-60.27730
-62.43670
-47.14920
-65.24170
-48.03840
-63.74620
-33.00110
-68.46720
-47.22380
-63.88360
-76.64860
-48.91260
-91.30250
-33.33890
-45.34010
-48.84180
-87.73090
-56.89390
-66.52170
-69.97080
-58.14030
-80.03170
-56.44690
-55.17400
-47.16980
-64.73410
-87.97960
-74.22320
-58.69830
-87.28580
-44.29940
-49.99920
-69.92300
-61.07090
-39.65470
-44.81590
-61.19080
-71.04690
-68.61740
-54.62460
-63.76390
-57.12470
-42.93580
-65.81930
-54.18930
-47.24260
-51.07620
-58.48560
-81.22190
-71.17530
-51.49180
-67.61430
-63.62090
-66.69470
-57.84330
-43.56860
-47.43830
-60.50540
-83.66140
-63.52710
-80.21730
-59.17150
-70.40460
-51.15680
-42.61380
-60.68860
-79.73460
-67.15670
-64.24740
-55.81920
-56.95330
-68.08660
-42.04870
-45.08290
-79.99130
-67.19420
-74.04920
-80.96720
-65.15390
-75.26450
-49.58070
-89.12520
-33.52140
-67.69020
-68.88450
-60.88680
-73.46280
-60.34980
-20.52210
-78.68200
-65.22190
-68.48970
-47.41280
-39.12860
-54.62190
-32.19220
-53.53350
-57.92250
-22.23070
-60.46750
-55.06640
-49.09980
-70.09000
-33.46340
-30.70750
-70.87030
-38.07080
-55.80530
-49.66010
-32.45790
-68.45950
-47.41750
-44.52480
-58.92360
-58.92190
-53.64930
-44.98500
-51.65280
-59.32140
-63.05110
-93.48210
-71.59920
-42.71680
-73.36140
-10.45560
-82.44600
-61.94340
-64.61250
-66.25980
-64.75380
-78.20330
-71.69940
-70.09810
-44.05860
-41.38560
-75.41060
-70.34940
-69.39140
-73.75380
-57.81410
-47.50410
-82.13210
-67.27390
-58.25870
-52.59440
-67.16580
-84.19450
-62.11100
-92.36230
-79.27890
-83.22490
-62.20530
-64.14700
-61.18750
-49.54170
-63.22240
-51.92660
-66.97390
-44.89450
-71.62640
-26.04440
-42.29910
-50.34460
-63.71640
-32.57210
-86.86450
-64.17960
-57.05270
-85.63560
-60.78600
-60.50880
-51.32920
-61.06840
-53.13060
-47.60500
-41.18960
-58.82080
-46.67340
-64.15830
-72.05060
-59.36770
-78.77810
-64.40750
-46.09000
-63.87830
-61.90650
-59.50920
-82.65270
-71.95450
-61.36320
-57.61380
-93.93940
-53.93750
-58.50050
-54.19170
-51.50880
-94.80510
-57.89600
-53.59650
-57.21760
-66.17280
-75.03890
-44.97230
-68.07920
-56.73710
-48.19270
-57.46180
-48.98200
-52.98220
-76.15850
-45.82250
-69.85960
-36.38110
-43.65980
-53.46830
-42.98610
-67.58290
-52.44130
-91.46990
-48.75650
-62.60850
-32.40230
-62.67100
-54.23930
-60.18350
-30.01580
-46.36450
-88.90000
-68.05870
-60.28800
-57.80230
-70.98310
-62.89570
-73.71340
-63.31170
-52.74830
-32.24180
-88.43080
-76.13220
-67.80240
-77.36940
-59.00600
-75.58300
-78.63520
-74.23780
-73.52990
-64.80290
-71.84510
-66.74890
-63.90140
-53.26770
-74.34670
-44.98880
-61.16040
-88.22670
-79.77220
-62.85300
-71.63020
-48.32620
-52.71380
-28.86180
-73.60530
-73.52950
-38.49750
-59.22200
-78.30800
-60.94390
-56.83630
-47.31780
-63.46010
-59.10480
-90.25440
-45.78200
-62.20170
-78.32320
-55.61210
-66.37800
-33.51460
-65.07010
-54.71610
-53.42070
-71.07460
-44.74220
-50.73200
-48.73800
-75.51610
-93.83150
-58.05700
-59.31670
-72.21960
-47.27010
-54.57590
-61.24430
-52.50050
-62.91390
-64.45150
-48.77150
-66.38200
-81.98260
-54.13990
-70.13620
-82.28240
-50.38940
-44.79230
-49.72220
-49.55120
-54.18440
-53.42490
-61.96300
-72.43410
-60.89620
-40.56280
-45.19840
-58.03310
-60.92580
-49.53030
-52.82130
-68.63620
-52.77140
-80.10900
-73.14200
-60.38340
-59.63750
-42.79580
-79.62890
-51.78500
-61.27480
-80.67910
-63.05620
-67.67370
-57.37280
-30.63410
-64.72370
-65.85050
-57.35560
-61.27120
-63.00920
-61.09760
-68.41580
-59.41070
-41.31220
-78.06550
-59.55860
-84.49190
-51.21680
-60.44790
-89.22080
-45.14550
-63.68800
-60.50200
-66.15430
-56.48530
-54.32020
-44.29050
-75.20640
-49.09230
-55.33420
-54.81500
-79.37660
-73.74600
-82.15220
-62.39340
-43.89020
-81.74090
-68.97590
-54.28310
-55.24790
-68.01530
-53.73360
-60.95440
-65.37760
-73.91750
-33.37560
-34.28090
-51.10350
-63.14830
-80.22960
-75.79330
-75.92700
-64.44470
-57.43120
-46.99160
-65.86920
-63.70050
-70.66580
-67.52460
-63.59990
-53.16460
-56.00220
-45.72310
-70.24510
-91.03380
-47.60510
-70.89620
-57.28140
-64.56740
-49.90430
-55.99110
-57.85810
-82.67000
-65.52660
-66.22870
-84.46840
-56.42210
-62.58280
-45.31580
-65.27600
-76.59240
-57.64840
-81.95940
-91.48540
-33.90500
-48.02580
-59.16480
-57.88730
-68.03930
-42.94880
-61.65450
-66.66970
-67.55410
-55.30390
-74.33210
-66.59080
-64.20650
-50.56460
-30.85230
-61.43970
-63.87290
-52.88370
-76.80780
-81.74380
-75.17610
-41.03760
-29.10250
-65.59490
-81.27500
-75.33670
-44.44370
-54.32400
-41.67710
-55.36460
-76.63030
-57.30240
-63.04690
-49.26360
-55.97790
-88.80940
-50.68790
-63.30440
-56.65280
-52.78280
-69.35560
-75.92690
-60.90860
-58.13410
-47.52910
-60.70850
-53.88770
-60.91430
-53.81430
-66.17740
-67.48380
-72.43170
-75.39880
-44.48270
-52.94860
-42.12270
-50.19960
-77.92100
-87.89240
-62.61260
-45.74420
-60.39510
-59.45640
-45.78030
-50.75910
-50.26210
-75.66470
-76.03180
-72.20340
-65.39650
-67.30920
-77.30470
-71.56560
-77.68950
-81.82470
-33.30090
-83.06150
-53.09050
-60.98730
-74.50010
-54.17640
-68.47410
-42.16570
-58.83490
-51.92290
-62.01480
-79.01760
-57.09940
-69.04140
-42.95040
-72.59080
-65.17700
-59.08430
-78.94300
-70.38810
-60.73780
-58.66670
-78.88940
-81.15240
-49.47160
-86.43240
-52.74740
-44.38550
-34.57570
-26.46330
-63.05700
-73.83950
-27.52260
-56.72130
-61.09780
-86.96030
-66.49350
-59.10690
-63.95200
-42.16330
-60.69750
-64.62880
-69.19410
-53.54130
-80.78090
-78.24530
-63.50150
-50.60560
-62.82800
-46.78800
-42.51860
-52.94850
-41.11370
-69.33760
-65.28710
-73.18820
-76.75400
-69.99640
-47.72940
-67.81670
-51.86990
-71.49240
-53.10850
-59.37840
-78.42770
-65.50300
-65.58570
-66.76320
-47.94160
-74.66770
-61.62100
-50.38220
-70.67790
-52.08040
-47.32650
-63.07510
-84.37160
-52.65040
-56.39340
-52.35710
-81.51670
-69.93400
-38.84120
-45.09990
-70.88440
-52.05590
-83.03410
-58.55370
-94.89110
-21.20960
-66.02340
-52.70000
-72.38940
-55.06660
-56.02100
-47.98610
-48.48490
-61.43310
-79.00600
-42.77680
-49.03240
-72.75380
-79.16520
-67.54820
-66.84230
-74.83760
-63.04100
-52.83960
-95.41770
-53.51020
-76.16470
-63.49100
-55.12540
-61.55420
-51.99370
-68.38730
-56.36470
-66.07210
-77.60450
-57.12040
-54.16270
-71.64850
-53.39010
-71.35060
-68.06760
-57.67170
-60.83870
-51.47010
-67.62000
-25.82800
-82.02890
-57.21290
-72.97980
-64.43160
-75.63710
-67.55190
-57.40250
-83.53700
-64.76890
-57.11850
-66.68240
-64.94180
-79.06580
-64.05920
-64.18170
-43.72910
-69.62120
-55.99870
-68.06020
-81.90760
-63.74720
-44.64700
-31.83190
-78.15440
-72.74680
-52.96040
-76.19980
-78.67550
-58.65080
-88.05320
-56.07270
-50.65600
-51.61210
-85.33420
-76.92080
-51.50570
-54.45590
-40.89200
-57.89210
-57.19370
-71.26870
-65.09640
-49.99210
-70.78020
-80.30930
-49.31350
-39.12130
-56.04730
-71.00200
-55.09290
-62.50230
-46.52780
-43.52040
-52.93170
-70.45850
-57.73020
-76.78580
-66.45560
-54.63420
-37.35350
-90.30940
-52.46280
-63.13650
-73.08630
-72.57590
-67.87690
-63.58840
-36.81510
-34.04150
-59.79490
-62.10040
-43.60080
-59.31880
-78.47110
-65.82920
-72.61330
-45.03780
-65.19010
-63.53440
-67.24730
-53.56130
-40.18270
-72.47870
-56.69370
-53.98310
-61.46400
-47.70730
-65.30960
-10.26140
-68.02770
-75.36090
-76.61510
-63.89210
-30.17190
-64.55630
-34.84820
-62.92680
-67.01250
-47.95890
-64.75180
-44.12940
-54.10840
-53.86120
-88.34530
-75.32220
-37.47760
-63.27290
-55.36810
-68.84870
-56.23760
-58.94000
-63.91220
-77.21950
-66.28290
-54.44440
-58.21980
-56.70900
-33.75850
-71.04210
-62.45730
-51.57970
-67.75450
-31.27710
-56.51640
-54.49070
-65.08160
-62.72050
-62.92200
-67.68060
-77.34270
-71.65520
-55.06880
-86.19190
-62.66270
-61.15860
-49.01240
-87.43470
-38.32850
-29.94510
-57.27330
-60.60380
-60.79160
-80.85780
-61.50180
-92.16050
-74.19850
-50.70510
-55.53310
-56.34520
-56.82750
-52.52290
-59.36670
-48.45630
-81.10750
-55.64460
-63.74900
-82.90730
-57.56980
-66.85440
-48.75860
-47.19110
-33.97740
-32.40770
-47.69090
-73.72640
-52.31400
-65.88470
-63.74550
-78.00800
-69.74460
-30.49060
-52.25420
-78.32840
-46.72560
-77.14400
-57.17770
-71.32450
-64.96750
-68.10020
-52.58470
-93.07730
-38.93090
-74.27440
-70.91530
-82.81400
-54.10190
-62.35110
-54.91890
-55.11680
-66.26700
-74.98720
-60.43430
-41.03280
-55.81440
-55.93580
-64.93650
-58.44240
-82.35700
-42.93010
-61.38180
-50.99780
-89.75600
-63.98050
-47.62130
-42.20010
-70.82200
-74.67910
-39.67160
-72.14500
-70.27710
-70.08130
-48.71450
-86.41360
-56.49410
-84.59570
-54.35780
-64.20020
-56.33520
-61.24510
-77.85580
-50.07600
-50.02260
-61.50680
-57.16710
-60.47730
-49.22380
-57.24700
-55.71590
-58.63630
-84.89240
-49.69020
-52.35000
-40.73810
-58.29220
-66.26000
-73.15970
-67.78090
-31.89850
-50.71230
-74.01320
-49.18990
-66.65800
-65.00070
-58.26770
-67.55880
-49.36680
-53.04150
-77.36910
-71.35480
-49.44640
-65.45670
-68.28780
-82.49560
-48.56900
-52.72670
-42.05140
-39.79690
-69.74590
-62.61990
-73.69730
-68.76950
-49.76710
-44.34220
-54.25500
-69.13670
-71.59300
-43.91220
-59.51570
-60.13810
-65.02020
-72.97450
-58.56640
-64.60460
-45.14920
-68.10900
-63.75210
-62.27910
-59.34460
-56.70610
-70.17350
-85.31460
-57.44660
-62.00460
-54.96490
-68.44390
-60.58710
-72.00870
-60.28680
-51.86330
-63.10420
-74.99010
-57.08010
-60.44920
-58.83940
-71.62040
-82.63590
-66.98410
-69.94210
-53.54640
-40.01080
-51.60010
-64.28490
-68.50720
-79.33430
-55.96060
-42.06250
-64.79290
-74.31540
-64.16600
-63.21460
-74.33350
-47.47620
-41.38060
-67.73530
-73.73730
-70.44950
-78.11630
-44.82380
-68.59560
-70.49840
-71.06680
-72.75420
-83.36520
-65.97030
-67.86200
-47.82250
-48.92270
-45.81150
-45.06750
-75.22960
-84.69170
-64.20180
-55.30170
-42.94980
-33.45160
-77.36170
-67.77230
-59.99970
-67.59240
-78.91690
-57.10990
-49.89270
-54.63390
-42.24870
-56.70200
-68.88100
-37.19780
-49.38680
-34.78010
-56.43510
-88.07020
-72.63380
-53.69220
-68.99280
-42.13640
-55.91010
-56.07220
-43.71450
-65.29330
-56.98060
-61.38910
-56.91430
-69.97090
-61.70220
-78.76430
-43.60350
-68.17280
-51.03690
-74.54920
-55.87780
-51.31770
-65.09170
-70.57880
-55.68480
-69.11560
-63.71760
-79.49350
-70.82240
-67.77060
-74.31010
-43.23530
-71.00130
-42.40340
-58.83000
-67.28300
-79.15490
-61.55840
-68.46480
-64.73400
-58.28810
-58.47580
-67.64580
-42.94880
-51.25710
-29.77910
-78.11550
-51.56640
-70.89650
-65.53110
-76.63240
-80.73060
-65.93000
-83.61220
-77.60830
-65.70550
-43.77340
-80.28550
-49.52150
-50.32450
-71.28110
-82.67090
-29.63540
-62.54250
-86.06490
-60.09840
-41.20380
-45.91270
-58.30750
-47.83980
-63.58920
-68.65130
-49.40360
-61.63420
-65.08730
-52.19330
-71.68310
-66.69990
-83.43410
-72.60130
-23.56930
-79.02490
-63.63810
-31.84450
-67.63710
-58.40920
-41.61680
-65.33730
-71.05770
-75.76540
-57.48730
-60.79320
-60.14740
-59.85170
-58.82000
-60.43340
-57.47610
-74.67190
-50.84290
-53.67670
-61.81760
-60.60910
-27.23610
-31.62520
-61.75260
-51.07650
-62.59530
-61.32110
-52.39100
-46.12800
-74.37300
-61.70350
-75.17780
-49.00030
-73.76180
-71.24660
-72.44670
-82.20250
-52.97370
-43.32100
-60.12770
-45.84480
-64.27580
-75.71060
-56.51110
-56.27360
-52.97870
-57.87800
-46.23830
-87.60530
-56.58290
-41.06470
-28.44660
-69.59090
-56.53070
-59.88150
-57.42980
-51.53430
-59.23120
-88.27960
-83.04940
-73.68670
-56.87600
-66.33060
-64.18320
-57.83200
-89.51020
-52.07940
-88.87760
-45.72510
-67.47280
-68.90400
-70.18820
-56.44100
-41.90330
-54.97860
-76.37210
-62.17050
-68.30360
-36.14010
-54.85400
-46.50630
-74.09490
-82.79280
-70.91600
-46.04500
-44.20510
-42.53320
-49.03270
-66.55300
-68.03420
-63.92390
-66.21550
-64.24820
-46.34350
-70.72070
-61.98750
-81.30820
-60.76210
-70.79190
-78.63250
-55.11270
-22.61730
-61.67580
-62.23420
-68.56750
-73.98010
-57.44810
-62.54060
-51.62390
-93.94050
-60.30000
-44.72370
-32.86660
-49.21190
-67.60870
-37.84300
-65.17840
-33.80340
-55.46310
-58.58570
-91.90450
-45.80510
-74.05350
-37.06070
-63.85340
-50.05520
-73.26060
-57.60450
-80.77210
-67.13730
-67.85290
-60.29370
-44.64600
-69.29730
-42.81940
-77.99290
-58.75280
-59.65380
-51.25450
-56.80710
-63.29540
-56.11720
-52.89540
-56.69860
-65.91410
-56.77760
-53.88020
-58.04070
-34.57110
-65.99540
-52.53450
-62.92560
-55.27520
-72.03530
-56.00120
-44.07640
-67.94320
-43.03150
-81.74840
-80.35180
-73.71390
-66.75410
-37.76730
-72.30650
-59.60180
-68.45840
-43.41490
-62.02860
-69.26620
-50.73080
-65.40380
-35.42350
-64.63270
-69.41650
-77.37400
-58.31950
-55.39530
-62.30860
-60.18830
-53.08650
-58.77640
-44.82190
-53.32330
-56.06570
-75.74620
-37.59550
-60.76090
-65.90550
-71.48280
-66.23990
-83.45190
-58.43130
-49.78040
-74.37260
-60.51060
-67.96670
-63.61360
-60.76490
-84.87340
-52.62330
-52.65550
-49.23920
-60.67000
-70.18620
-71.79930
-76.34140
-82.92230
-66.43390
-59.54080
-49.97250
-57.24720
-66.66930
-83.22480
-51.46360
-80.40700
-72.62910
-58.32110
-72.65810
-56.67260
-67.61620
-48.51220
-66.04850
-71.25110
-79.63580
-74.32130
-62.49820
-67.88030
-64.89080
-47.95530
-41.69740
-52.96030
-64.81170
-75.62030
-46.97490
-56.78420
-36.84810
-74.08360
-50.37000
-43.48570
-61.28350
-52.21220
-64.09570
-60.25170
-59.73500
-51.06010
-45.82780
-72.38310
-51.55980
-61.11220
-55.11920
-57.36150
-48.66320
-56.03130
-75.89130
-44.79630
-72.64080
-60.49250
-63.28380
-77.58730
-76.38340
-77.91390
-51.13190
-42.77180
-70.35830
-61.35450
-59.60390
-78.77760
-54.35360
-28.91090
-48.99960
-67.29610
-70.46690
-63.99090
-63.80420
-66.92870
-74.50260
-63.82410
-59.86450
-62.00570
-52.60990
-55.33790
-72.01020
-62.45350
-57.93260
-54.36290
-60.78810
-35.61530
-72.36580
-67.09100
-59.86980
-81.50540
-60.02960
-68.66900
-81.29030
-64.91690
-68.58810
-54.67820
-44.91370
-70.83080
-50.34360
-64.87830
-54.84710
-50.12930
-51.21380
-77.51640
-39.84180
-82.98090
-54.08230
-46.01840
-43.73590
-57.43600
-45.70130
-74.31870
-63.78860
-68.35170
-57.44540
-63.28330
-69.58500
-77.62790
-57.25930
-59.04040
-49.61560
-66.06380
-41.04310
-67.68910
-44.62650
-76.55900
-60.72560
-83.34470
-45.82610
-61.31300
-45.23800
-55.24610
-59.44340
-68.52330
-76.87400
-58.33030
-66.05160
-76.29990
-43.66920
-81.40440
-61.74780
-83.35580
-65.97180
-57.65990
-59.86880
-49.31350
-50.96060
-33.08590
-55.88480
-56.77510
-54.20590
-67.51370
-68.67510
-56.63500
-58.75210
-49.53920
-33.25600
-64.15050
-69.82580
-53.83690
-66.85290
-74.65250
-63.67380
-60.72530
-68.82180
-83.32080
-79.11340
-87.38130
-44.03900
-64.28020
-54.82530
-95.06970
-53.47510
-41.13280
-64.01630
-59.24380
-62.83900
-70.27990
-72.73610
-71.35640
-87.85970
-62.83910
-77.65790
-57.77450
-63.55560
-57.14750
-76.82720
-51.58480
-85.19520
-58.02630
-55.92990
-64.91820
-60.56140
-57.81480
-64.85360
-73.27040
-47.11150
-36.41170
-76.75610
-52.10120
-51.76030
-61.46860
-59.92810
-61.24060
-85.56330
-67.34520
-69.76720
-83.04480
-61.02860
-59.89610
-63.65920
-65.15550
-54.21490
-56.66070
-42.89110
-57.08930
-68.37950
-70.85250
-60.63340
-84.00610
-66.04380
-68.49540
-79.64300
-54.66620
-76.87410
-38.24380
-57.31960
-53.62390
-74.49660
-64.17390
-44.94560
-49.65740
-56.01680
-85.55820
-69.26410
-78.94400
-56.06590
-54.87340
-52.29070
-61.39590
-55.46800
-63.31860
-62.88820
-41.70050
-58.72480
-66.15780
-76.77800
-60.53290
-65.09820
-44.18750
-57.63120
-42.81100
-53.54980
-88.38720
-63.80230
-66.97890
-47.43720
-54.72170
-75.17990
-49.34370
-81.57760
-98.07510
-54.46750
-55.72410
-71.84210
-63.34070
-41.49320
-55.97990
-81.95730
-56.09230
-81.74880
-71.28840
-50.41270
-53.71550
-62.82910
-56.04600
-69.93810
-61.29620
-53.87020
-40.30680
-52.94780
-74.98860
-83.20450
-49.69110
-52.07810
-59.26340
-56.62830
-47.56590
-57.94940
-52.84900
-68.83540
-59.56790
-65.48400
-57.79500
-49.86580
-56.56310
-74.70350
-66.25560
-44.64200
-67.60390
-70.52830
-58.79280
-67.39880
-78.01550
-62.82670
-55.68030
-78.84400
-63.86270
-45.24190
-75.25640
-56.18690
-69.85230
-48.98540
-46.18640
-25.18230
-61.15690
-60.40250
-55.35930
-69.32090
-69.29920
-61.49480
-60.44720
-48.38260
-75.21180
-71.22260
-54.01080
-65.96370
-45.93570
-69.98490
-47.33820
-64.58580
-73.39130
-73.72030
-87.38850
-50.48870
-74.89920
-39.10570
-77.63030
-65.18940
-45.88130
-66.47370
-69.71410
-24.56550
-40.76710
-39.73990
-73.20880
-52.01650
-68.86880
-63.84820
-60.24210
-84.05850
-57.50300
-41.18090
-71.61530
-57.89510
-54.36460
-62.72190
-42.61020
-46.10200
-57.55860
-42.61220
-55.71570
-63.37400
-74.20700
-60.11810
-59.38260
-47.40350
-60.95190
-68.05310
-70.82480
-54.54970
-59.85280
-84.31480
-53.28820
-73.00390
-56.60050
-82.05710
-53.81310
-43.08440
-84.58270
-74.60700
-70.93150
-82.60160
-65.87290
-87.19420
-79.39340
-61.13370
-41.16420
-55.20800
-65.16840
-76.28450
-65.03630
-60.80010
-61.27750
-65.69070
-60.05490
-58.52180
-79.87310
-27.15030
-76.54430
-59.50180
-74.13330
-56.86670
-47.15220
-50.90060
-74.93610
-65.65100
-60.96510
-77.82860
-58.64520
-45.01150
-48.34920
-67.30850
-74.82720
-50.82300
-66.20200
-54.73800
-65.14480
-65.74850
-47.57180
-35.22890
-62.28870
-82.68400
-53.54570
-70.58450
-66.13720
-28.56720
-56.87550
-47.43800
-76.76390
-59.30020
-68.99950
-53.61510
-58.59120
-71.18740
-63.37570
-63.90150
-75.84960
-87.67610
-81.05510
-53.29450
-45.95850
-48.61830
-67.87870
-82.98000
-65.75620
-76.70480
-70.61230
-61.84960
-71.01710
-76.57920
-63.73040
-65.24090
-60.65330
-67.65220
-59.86180
-44.82850
-49.86930
-48.84820
-67.78780
-52.61540
-55.11410
-50.80570
-57.58280
-64.14480
-29.12960
-49.98820
-60.28480
-67.66960
-84.80560
-47.91970
-56.26730
-49.77360
-69.12870
-68.92490
-44.22670
-68.58080
-55.36420
-58.33270
-62.33880
-58.09250
-52.22680
-61.63120
-47.63770
-67.97320
-46.09050
-84.02870
-57.70980
-83.09060
-63.81980
-66.22460
-44.63090
-71.66700
-76.04550
-72.39330
-64.76430
-60.44370
-54.98860
-70.76920
-64.69340
-46.26790
-70.54210
-77.62170
-43.28510
-52.93630
-71.92260
-53.88430
-94.28960
-62.16490
-59.32330
-69.15520
-79.41990
-50.03610
-36.13080
-68.95710
-56.64570
-70.75050
-80.25790
-55.64930
-57.39910
-68.68690
-83.66340
-42.07720
-73.84570
-62.26560
-72.52850
-63.96560
-77.48730
-48.41320
-66.14400
-52.84300
-55.26550
-63.38790
-70.52090
-58.04440
-67.87780
-53.99150
-73.17080
-76.77380
-72.15520
-60.28200
-83.12560
-38.11840
-44.45080
-67.09540
-88.21160
-53.42120
-47.17100
-36.16780
-72.07100
-66.33050
-10.14900
-62.00370
-75.97740
-49.91850
-46.53110
-52.68000
-61.91330
-43.20050
-72.35570
-69.32160
-63.34430
-54.94010
-36.66390
-65.67860
-58.16070
-68.17610
-84.04630
-87.32800
-69.81560
-71.89990
-56.43080
-63.76760
-75.68780
-31.10440
-74.28160
-50.25360
-58.33220
-54.36930
-59.24130
-51.49110
-61.97770
-52.39340
-46.30480
-60.50820
-70.27390
-62.02390
-58.65670
-70.70240
-66.07950
-74.80070
-69.33820
-62.60160
-37.14550
-64.01070
-63.97720
-85.51500
-76.65150
-57.91970
-58.10050
-42.42900
-70.85930
-48.52520
-59.04170
-54.69070
-51.69080
-73.83940
-89.50450
-65.55260
-50.72720
-24.49830
-53.25480
-55.04750
-67.16780
-70.80720
-63.74820
-49.29250
-41.72920
-29.38880
-43.88500
-69.13010
-56.42690
-78.93210
-28.35860
-67.45660
-47.98060
-56.66380
-71.40660
-67.32950
-61.43010
-60.05330
-40.11100
-68.02450
-64.30670
-48.63790
-62.06540
-45.73120
-78.94930
-51.42430
-58.88790
-52.92440
-50.20760
-63.59760
-35.71880
-61.88790
-51.71960
-51.03570
-52.49930
-87.46560
-61.18370
-69.74090
-80.88600
-65.32310
-70.34140
-74.74200
-75.76760
-54.71140
-55.83560
-33.57120
-40.33870
-55.04690
-89.58690
-57.61520
-63.61270
-56.00300
-81.96640
-63.41540
-64.84900
-60.41440
-74.13340
-62.14330
-61.71250
-70.60730
-68.28490
-56.91840
-58.93560
-59.98110
-50.53290
-60.21590
-52.96150
-74.20050
-73.10870
-55.45830
-65.72780
-41.50510
-54.40140
-36.86800
-55.32940
-64.77790
-67.63960
-58.44060
-66.28880
-57.05210
-27.97410
-53.21860
-64.03230
-67.41700
-62.47320
-61.31970
-59.34500
-64.90470
-58.75630
-58.77240
-49.43250
-61.92120
-74.33080
-36.43760
-47.48260
-63.05150
-59.29050
-57.27750
-73.91010
-71.81250
-68.13220
-71.21040
-69.57220
-83.46650
-52.13620
-61.17050
-66.91040
-81.65220
-64.84250
-64.69620
-45.08860
-60.78930
-90.23510
-69.17170
-38.38140
-68.37400
-60.58450
-69.31600
-77.60380
-55.50040
-69.88680
-48.61220
-64.44450
-79.21460
-43.14880
-72.93380
-77.28890
-56.87460
-58.24130
-63.45170
-62.23600
-70.52360
-72.24610
-51.97780
-58.90390
-72.90820
-59.71420
-65.58100
-78.45990
-69.32940
-59.26360
-57.88970
-71.83100
-71.94840
-44.79830
-63.65330
-60.23850
-72.49270
-64.33450
-82.09830
-52.89110
-53.80280
-30.12760
-65.86220
-79.38970
-69.33070
-59.03190
-49.33670
-57.25410
-56.18660
-64.37260
-75.66190
-61.31690
-57.29070
-61.29940
-72.94630
-58.42820
-65.42420
-38.02540
-56.05750
-81.17380
-55.94580
-55.68570
-75.54580
-31.77580
-58.16110
-57.80250
-94.59500
-60.97600
-43.48030
-52.29370
-52.65040
-36.41760
-72.39160
-60.74070
-44.61040
-60.49020
-45.40390
-47.11240
-46.30560
-76.86240
-49.85490
-67.45760
-65.11400
-49.89270
-57.75940
-57.81360
-62.26460
-72.98150
-68.27180
-52.25730
-55.06860
-59.09600
-56.88640
-46.33840
-49.16520
-76.65910
-42.26370
-46.66490
-71.28200
-60.42100
-52.73910
-59.35200
-79.40970
-63.17730
-47.88300
-57.13300
-44.24770
-92.22980
-49.63160
-59.57470
-63.03370
-80.19500
-79.14350
-50.29890
-77.46540
-65.46900
-56.23000
-83.20770
-70.96880
-34.83580
-65.62040
-55.20770
-75.34830
-69.19730
-65.98740
-41.07350
-48.25810
-48.23100
-74.67270
-53.27040
-69.71330
-51.86910
-49.62920
-52.34340
-63.25170
-47.20740
-71.52240
-78.33070
-60.93860
-67.19540
-72.31000
-52.87800
-49.67540
-86.18660
-65.13610
-71.45800
-64.19350
-74.19950
-48.36490
-48.39280
-45.14260
-74.38470
-55.20960
-70.20600
-59.08790
-63.34810
-68.01830
-69.65290
-64.55790
-57.22470
-63.93160
-55.94580
-61.69020
-58.54830
-75.32320
-87.80590
-79.41390
-63.05860
-69.31570
-46.46510
-58.72910
-53.55720
-58.99450
-58.62880
-64.85380
-74.48740
-85.80030
-76.49030
-70.93230
-51.71260
-87.62200
-81.63580
-83.15850
-56.28580
-68.21560
-35.56830
-69.61770
-73.82900
-55.45050
-43.14100
-60.51620
-53.42940
-71.61610
-57.71470
-61.53520
-78.96340
-60.85370
-70.44610
-60.13620
-53.42830
-87.91000
-72.23820
-65.21770
-89.14520
-63.75230
-85.34170
-67.55360
-58.73700
-65.82030
-49.68400
-53.55320
-69.10420
-66.45660
-69.65400
-70.76890
-66.53370
-72.26940
-64.28920
-45.53750
-68.86130
-60.57700
-60.64880
-66.26500
-59.59000
-48.82000
-68.45280
-66.75930
-56.87350
-64.62390
-61.80480
-80.01600
-59.32060
-56.85350
-79.14920
-54.92420
-56.41550
-65.62560
-48.57660
-44.65890
-51.17600
-50.43650
-70.06990
-83.92370
-62.72740
-53.70990
-45.23670
-56.03520
-83.61950
-67.73310
-55.12070
-36.59220
-63.75410
-52.26030
-68.98110
-51.54990
-77.46660
-73.59820
-69.30160
-63.40360
-87.72440
-78.50210
-82.25040
-50.38170
-49.38940
-71.91720
-35.15700
-67.52990
-44.23030
-54.53820
-55.74640
-55.19680
-57.20880
-69.14070
-75.57210
-61.84360
-56.27860
-64.13690
-67.73880
-62.49950
-58.10590
-58.37830
-42.15910
-49.46480
-86.79520
-72.93300
-65.58580
-90.97350
-67.57900
-65.83820
-89.28050
-51.90630
-56.58620
-55.88160
-49.58240
-33.62330
-40.15140
-93.36010
-61.62070
-78.68800
-30.61690
-65.03040
-61.44720
-57.22100
-53.21250
-41.63050
-85.20630
-65.28820
-57.59280
-72.97070
-82.41890
-80.80530
-59.17800
-70.69120
-63.83100
-48.60160
-68.31080
-59.11100
-82.64360
-43.99210
-49.15920
-68.21480
-59.38650
-80.65080
-67.04150
-74.16260
-40.71550
-72.54610
-63.99540
-54.67530
-57.42380
-44.83980
-83.16190
-62.26170
-64.13040
-83.93360
-57.41840
-77.01230
-66.35000
-61.89170
-70.48100
-56.30720
-74.57800
-57.02640
-75.07840
-51.83070
-64.11880
-79.98180
-77.42990
-59.44270
-82.39660
-68.69890
-62.88720
-65.89280
-78.75450
-31.62600
-41.19300
-56.99520
-33.67380
-74.69110
-68.13790
-83.50980
-87.26840
-52.25510
-49.23020
-44.17690
-60.57780
-42.96740
-72.13220
-55.19910
-69.15590
-57.85040
-43.72560
-70.54050
-60.58390
-39.88260
-31.37210
-59.40100
-64.99640
-56.92400
-78.91440
-40.05010
-62.57860
-67.98860
-48.01830
-31.36800
-69.43410
-66.14640
-49.48020
-47.95540
-69.21950
-88.88640
-61.26030
-64.08660
-41.66950
-52.04020
-56.75030
-53.32920
-45.43840
-53.30290
-63.30620
-50.88070
-52.52360
-49.42950
-72.50560
-41.26110
-71.03970
-56.62990
-84.34840
-76.77140
-57.82820
-51.65300
-43.70980
-42.84420
-85.82920
-50.60870
-78.56890
-73.01090
-82.76720
-77.44520
-63.06960
-63.72390
-51.06940
-29.10670
-57.69600
-64.44000
-71.52970
-52.51490
-69.67880
-67.02870
-78.72660
-42.40970
-91.36820
-57.58800
-66.26820
-58.11820
-53.57160
-40.63930
-42.98340
-48.26920
-50.43960
-82.37790
-78.81270
-64.82670
-56.90870
-36.97790
-49.16330
-59.08940
-56.53400
-36.81760
-50.02100
-46.82620
-70.32090
-59.67250
-64.93940
-49.68630
-55.62770
-85.24650
-82.31550
-76.60380
-90.23300
-52.64980
-41.76730
-43.16330
-49.23130
-56.85610
-31.27330
-70.35810
-58.88610
-53.75190
-68.23370
-66.18210
-58.51750
-68.27590
-71.39730
-38.19810
-46.95360
-30.20870
-61.07120
-68.78020
-53.32880
-67.27470
-62.90710
-72.41150
-58.69410
-60.10980
-61.06490
-64.98220
-53.59690
-69.58280
-56.75840
-55.15900
-55.41890
-38.62940
-66.65100
-52.90680
-60.82120
-77.14540
-26.06850
-58.80050
-61.95300
-59.02410
-72.62500
-87.98890
-39.26270
-70.87040
-66.77530
-54.76980
-50.73350
-75.24780
-56.06660
-87.92420
-41.73860
-53.93860
-31.54650
-40.88370
-52.61020
-64.00500
-41.10380
-44.17690
-47.93940
-41.57970
-61.87960
-45.41800
-67.05490
-53.85410
-44.08100
-84.09480
-53.44270
-43.39400
-83.10470
-56.39970
-58.98010
-65.34630
-62.69090
-79.07220
-49.88620
-63.29770
-68.14640
-44.13300
-70.82650
-42.80010
-73.86730
-66.47500
-68.53430
-63.08810
-73.60520
-41.51540
-44.56520
-73.20380
-54.83270
-61.59250
-76.89480
-72.94160
-56.81740
-63.96880
-69.32460
-70.57320
-48.50850
-68.10220
-53.39770
-64.42390
-44.91570
-51.66930
-81.02950
-54.04760
-53.76000
-50.11170
-67.60480
-73.22530
-60.51690
-44.37670
-64.42530
-68.18240
-74.12070
-35.09480
-68.87890
-61.09280
-55.32450
-72.19180
-61.83440
-49.39840
-59.00940
-50.38300
-65.73980
-56.10350
-66.10660
-81.65440
-85.86160
-56.02410
-72.03310
-52.27610
-55.48510
-62.90940
-59.09050
-71.31530
-52.69660
-65.00140
-78.51720
-77.07320
-44.80450
-68.05790
-59.85300
-51.60310
-78.03470
-79.31860
-74.47870
-64.20360
-70.03500
-84.20670
-48.67770
-66.42130
-66.11860
-61.81570
-55.96110
-62.36260
-60.74410
-81.81970
-62.90570
-73.90400
-55.31470
-66.35150
-58.32450
-81.41510
-70.02760
-77.02650
-71.60740
-51.03370
-41.44710
-75.33090
-69.01200
-55.55950
-40.33750
-86.55250
-72.20820
-62.32050
-93.59730
-43.97560
-64.10250
-70.94240
-59.96830
-49.28580
-58.46430
-74.36300
-67.21990
-75.45630
-41.27850
-77.07830
-53.58110
-66.29730
-46.59980
-65.20310
-50.68420
-72.20270
-37.41370
-80.21260
-62.20510
-50.19900
-70.21880
-61.08900
-69.48660
-47.62520
-47.73200
-53.33570
-50.95860
-52.27620
-44.41560
-59.93310
-76.54640
-71.71160
-86.32560
-62.84910
-72.37690
-61.34010
-32.48160
-55.89430
-61.56350
-56.73150
-49.47630
-75.78650
-63.60410
-80.61060
-76.59900
-74.10630
-53.59190
-63.49050
-71.39190
-33.52030
-67.33470
-55.91550
-45.24050
-44.12510
-61.29800
-83.16500
-77.09940
-70.05560
-67.27770
-53.38730
-50.99490
-79.84910
-73.16980
-56.01350
-81.34960
-50.21930
-94.38990
-54.23990
-69.97400
-49.51910
-65.53260
-73.34630
-66.21480
-57.07700
-42.70500
-85.02980
-65.46490
-54.04820
-69.10410
-59.88110
-60.70870
-57.63700
-43.20050
-54.19800
-60.80450
-88.23570
-78.85310
-43.22970
-49.04840
-69.13350
-39.41860
-69.55240
-76.49620
-45.12120
-43.04940
-53.66710
-50.22990
-36.49110
-58.09890
-44.03960
-60.24300
-59.89120
-53.70580
-60.20230
-47.72190
-69.76590
-62.29490
-65.64140
-68.54740
-70.22690
-52.52250
-58.11910
-49.93280
-80.36000
-65.01860
-44.23240
-60.59470
-73.36110
-64.32420
-85.10420
-48.75440
-68.33880
-58.09560
-70.98730
-55.16600
-10.08080
-47.50020
-57.94300
-54.84900
-65.06930
-64.18650
-59.32700
-63.34230
-57.33210
-39.61150
-66.87110
-52.85840
-52.01850
-60.83790
-62.61760
-61.74100
-60.12020
-57.04310
-68.46300
-69.90270
-66.70260
-74.16890
-77.84680
-50.05100
-54.39530
-54.05170
-60.44390
-50.18710
-78.10100
-77.49220
-70.15810
-51.84820
-50.72360
-65.66820
-57.19400
-52.31520
-67.85630
-49.91910
-52.18020
-48.41020
-77.09350
-67.60070
-56.88540
-50.49990
-46.92420
-42.03780
-37.44380
-79.55220
-29.61920
-55.24500
-61.42120
-69.01650
-67.25820
-63.36560
-51.88880
-64.08970
-48.72480
-71.96480
-63.86740
-14.92310
-72.53070
-54.88010
-68.53570
-51.99440
-59.45150
-71.84950
-38.29060
-46.52450
-57.25590
-83.34430
-46.96780
-67.73760
-62.10090
-61.17370
-60.81870
-40.97810
-74.14610
-47.51570
-84.02930
-86.55110
-65.08290
-50.44960
-70.60270
-75.35190
-72.97180
-51.31940
-67.12820
-55.53360
-56.35870
-62.66870
-47.27390
-60.08250
-64.42630
-73.10790
-63.63640
-52.06200
-64.49080
-45.55250
-51.80720
-47.73570
-52.98790
-53.79100
-70.60960
-56.70480
-56.24940
-54.48120
-57.10480
-53.05300
-69.47450
-76.93550
-92.72940
-51.02720
-63.65700
-77.53310
-56.92870
-88.24130
-65.21950
-52.38500
-73.40610
-67.51040
-71.69980
-67.00190
-49.52590
-59.76990
-49.36810
-69.32050
-44.27560
-63.15330
-71.81290
-55.46320
-69.80600
-86.67450
-55.73790
-61.72510
-58.45090
-67.09060
-85.57990
-91.36920
-67.46730
-79.10460
-64.27430
-72.53400
-36.66910
-68.81220
-75.81500
-44.10850
-76.48910
-65.61930
-57.18050
-64.11630
-52.30190
-55.90370
-72.79300
-75.04870
-49.07480
-52.23850
-31.53130
-84.04390
-67.52140
-62.75580
-71.09980
-85.47100
-44.51770
-60.62440
-76.88410
-59.37870
-57.37130
-51.65630
-54.70120
-60.92030
-79.42330
-71.45840
-51.31600
-68.13430
-69.82360
-69.75950
-36.04380
-68.04550
-66.28640
-57.58640
-48.33310
-48.89600
-20.30900
-51.95680
-41.88370
-68.74990
-77.10950
-76.28830
-59.21470
-62.37410
-38.83920
-69.96330
-62.48790
-60.65320
-60.12730
-48.50530
-59.88980
-53.70150
-68.90620
-47.63010
-53.15690
-43.99560
-61.11040
-61.92500
-62.38130
-79.67750
-57.43790
-47.42840
-63.50590
-57.25590
-70.98260
-41.58740
-53.63950
-64.87420
-66.40570
-70.60800
-62.53390
-54.76480
-50.08160
-43.57350
-21.72110
-63.29580
-67.44550
-62.89660
-68.00110
-62.67590
-42.31990
-74.22830
-57.99560
-47.78730
-57.59910
-66.34710
-69.72860
-70.13490
-56.53240
-63.75340
-64.98910
-57.06340
-10.28990
-60.92380
-69.10580
-80.09510
-51.66880
-61.29080
-75.47930
-50.29170
-69.49280
-54.99170
-68.33570
-42.25120
-75.28400
-73.12620
-50.62450
-54.13370
-49.23080
-67.27010
-88.94980
-55.26800
-55.58840
-65.83280
-64.41030
-45.09950
-63.53810
-75.87590
-50.46510
-63.67740
-55.83810
-53.53090
-52.40820
-69.21780
-65.03280
-78.70710
-60.45830
-76.57380
-59.59930
-73.19950
-49.54510
-53.39170
-69.98790
-72.98630
-60.99980
-83.87310
-66.80320
-77.25940
-66.17020
-55.58800
-68.67740
-53.04220
-39.64650
-78.77550
-56.44500
-66.89270
-77.35500
-61.84960
-42.91130
-60.32990
-85.92010
-57.83510
-57.89510
-62.12160
-63.58030
-62.82170
-52.86920
-66.37740
-61.55870
-72.16850
-68.49870
-52.80180
-55.36850
-70.02520
-62.20030
-79.76970
-64.31400
-54.46400
-75.70190
-61.46480
-54.38130
-62.75850
-63.76370
-64.48720
-36.49320
-53.62560
-51.47740
-47.52460
-80.02670
-49.85480
-54.37290
-52.27310
-73.74060
-81.67670
-68.29210
-47.67100
-63.10060
-71.50560
-71.30200
-58.15870
-76.91060
-72.24780
-56.95790
-63.70620
-42.57080
-47.65920
-58.86870
-41.57590
-48.65000
-70.73360
-56.61000
-71.58880
-41.75940
-37.96760
-52.32280
-77.75840
-53.78820
-35.72640
-66.25450
-78.40640
-59.96770
-52.47030
-56.61750
-69.82620
-57.02980
-71.53110
-39.54720
-66.40510
-52.31320
-35.25690
-49.90740
-62.93600
-72.93380
-82.92650
-39.36750
-68.37730
-41.78730
-60.55710
-48.46900
-66.87630
-67.28100
-52.63100
-69.56150
-54.27250
-79.26560
-72.56940
-59.67090
-57.58120
-83.94240
-61.48950
-54.61850
-85.33410
-46.40100
-58.58520
-42.77810
-46.39420
-66.02600
-71.82410
-55.29140
-45.81600
-60.71290
-78.99600
-58.29350
-79.99940
-74.77650
-67.73450
-61.67980
-72.39210
-41.33600
-41.88020
-62.62780
-62.98590
-92.56490
-53.11320
-60.22370
-65.85960
-46.89890
-61.61610
-61.83330
-73.38720
-48.50940
-65.50960
-72.59920
-54.44460
-48.40330
-61.64190
-56.51240
-57.37760
-71.89310
-56.85210
-65.78030
-73.13490
-55.01450
-64.02910
-75.89030
-62.72720
-69.55170
-80.81950
-71.08630
-62.00300
-52.25310
-63.23000
-49.11130
-67.90610
-65.03240
-68.18140
-54.79610
-37.85010
-67.39680
-57.97030
-53.52300
-65.33280
-56.30600
-44.20190
-73.92520
-46.72790
-73.22320
-60.54520
-54.50310
-62.45180
-46.91660
-55.13840
-61.09800
-62.57280
-72.31900
-43.83970
-53.60110
-62.81630
-84.08550
-63.81920
-85.55690
-49.29600
-68.26910
-64.47020
-34.01800
-65.12280
-67.05450
-56.33120
-39.05080
-52.66330
-58.12190
-62.09190
-78.44040
-58.76100
-70.16410
-54.16900
-73.22630
-41.82120
-54.89630
-64.18710
-62.93060
-64.02940
-52.45530
-64.72630
-63.11760
-66.59220
-45.46050
-51.13110
-71.77070
-55.48330
-45.92650
-51.53610
-55.02610
-54.76910
-54.97860
-71.76290
-56.90300
-50.18880
-80.84520
-57.09470
-52.09510
-58.12290
-63.82630
-70.52300
-69.42400
-72.72550
-66.99340
-65.00320
-34.38180
-38.54940
-75.24470
-44.12010
-64.90380
-44.70690
-76.23970
-44.97610
-53.86190
-55.61770
-67.10430
-58.76400
-67.89600
-52.89630
-56.78390
-72.95480
-47.22420
-45.50160
-84.08490
-18.48290
-73.82590
-83.66170
-64.01030
-34.61860
-40.04520
-53.48790
-64.79420
-63.15130
-41.20230
-53.91380
-89.63060
-66.37410
-84.94970
-57.72070
-52.09480
-35.35360
-47.18640
-75.91410
-43.44560
-79.91190
-72.59900
-61.18920
-35.32780
-57.97920
-81.10580
-56.49530
-65.69430
-69.94250
-51.34190
-68.06090
-64.10230
-78.88220
-66.90750
-61.55210
-51.15750
-39.49360
-51.70840
-60.36350
-67.72000
-57.68390
-76.12940
-76.48790
-80.59230
-52.85970
-59.45530
-83.72590
-70.08710
-57.11830
-80.72650
-65.57990
-63.59590
-77.67040
-63.81590
-52.10910
-56.92650
-63.69670
-63.58100
-61.19720
-68.79780
-68.70120
-55.68010
-52.77400
-52.97370
-57.73870
-65.77930
-89.52900
-61.23230
-88.95390
-64.78210
-68.85820
-61.77470
-58.77330
-84.83460
-66.18390
-56.20350
-57.83530
-60.90950
-59.04610
-71.01610
-57.06040
-54.48920
-70.33040
-49.36450
-60.78770
-81.73360
-71.91230
-39.21620
-66.29590
-65.30980
-53.75930
-63.54700
-48.54950
-66.59670
-45.93570
-48.44600
-77.61210
-71.32100
-79.34410
-50.84590
-64.99080
-52.50980
-60.21590
-67.36410
-53.21210
-52.08530
-10.73730
-75.49300
-56.47510
-71.48530
-86.22790
-88.85100
-99.61480
-76.21360
-57.79940
-56.45640
-52.44400
-45.40690
-49.62440
-66.87520
-43.64540
-76.13890
-45.69560
-66.12210
-67.29600
-49.85230
-63.04810
-65.53480
-59.14900
-44.38400
-60.67160
-91.62500
-67.99320
-70.70700
-45.15800
-58.04180
-59.44710
-64.33920
-44.85010
-63.42460
-47.62830
-55.98220
-52.54260
-72.12250
-63.71780
-58.80310
-53.98750
-55.06470
-57.05010
-68.88350
-83.43010
-79.69530
-62.79950
-75.87940
-68.36890
-57.37190
-54.90550
-44.99570
-50.40420
-58.10740
-62.13320
-80.29360
-57.79200
-70.97200
-56.93160
-56.26010
-83.56490
-68.80450
-36.93480
-62.65210
-44.69590
-86.20430
-46.29910
-58.58570
-58.49300
-43.83670
-54.32900
-66.56660
-81.20110
-63.11830
-51.40420
-67.09830
-71.58610
-55.77760
-30.38170
-72.42340
-39.50880
-43.11190
-56.23660
-55.67660
-61.84010
-39.17710
-58.10340
-47.56680
-35.41350
-77.66280
-79.82110
-81.27760
-55.28810
-65.48520
-68.28840
-54.97960
-64.60120
-51.06800
-49.85450
-69.84180
-35.52290
-58.49740
-50.40370
-51.36260
-50.95670
-87.30580
-41.08360
-79.64630
-64.79790
-53.66120
-40.22160
-31.04810
-86.07200
-43.83560
-70.82830
-74.77490
-54.84130
-60.30670
-68.58290
-30.42400
-58.54490
-83.32650
-43.69900
-57.40320
-52.50610
-58.91550
-51.24450
-75.48750
-49.65090
-63.24990
-43.58190
-62.16020
-76.74790
-46.04510
-76.89510
-49.84640
-35.77800
-58.58210
-48.01990
-54.91110
-68.76900
-60.04350
-66.63500
-52.16240
-67.12880
-60.64840
-54.03550
-63.64490
-49.31170
-65.94090
-50.81370
-75.19920
-51.80410
-43.75980
-60.05280
-57.43440
-70.72180
-52.82590
-72.79540
-45.83620
-38.09570
-61.89150
-53.60280
-68.50940
-48.96880
-69.10960
-74.37260
-67.53760
-60.27000
-74.61100
-65.00770
-67.34550
-75.45760
-61.89470
-71.53150
-61.14090
-62.98110
-61.50440
-77.31780
-57.80630
-54.05770
-69.80940
-51.34350
-45.27480
-62.41230
-71.92900
-79.74180
-56.93800
-94.84870
-61.46790
-71.11760
-42.07110
-56.36150
-58.86000
-53.45810
-64.90690
-57.64780
-56.82670
-64.38260
-53.58690
-34.85790
-81.19890
-61.53490
-68.85320
-46.36790
-71.39050
-52.95060
-52.62650
-71.37480
-46.36070
-62.79530
-50.87090
-64.92970
-56.40170
-64.69030
-74.52450
-74.67550
-65.37070
-54.61130
-69.17890
-51.23980
-52.29420
-59.44720
-60.57700
-66.99230
-64.16070
-41.02270
-50.62150
-75.21530
-50.03510
-59.32990
-47.32010
-74.48260
-60.74140
-56.65240
-58.77520
-55.58940
-52.77320
-73.16910
-51.60050
-49.75980
-47.85990
-70.62120
-64.90080
-67.30430
-61.39130
-57.39180
-67.17990
-42.30320
-79.84560
-43.37300
-68.95390
-61.14930
-58.14890
-56.53760
-63.44590
-43.21240
-57.36040
-71.57790
-51.15000
-62.27290
-41.49770
-63.63670
-51.42050
-55.39240
-84.81160
-56.94780
-57.37170
-62.22150
-57.34690
-33.53200
-71.36300
-43.03260
-87.85520
-72.84580
-63.26110
-66.33760
-73.55040
-47.92250
-36.50820
-61.02770
-45.28130
-65.97410
-87.99800
-59.97210
-67.60450
-71.94560
-57.83000
-54.46870
-56.13250
-51.15790
-38.05270
-53.35460
-78.61030
-60.90880
-79.68180
-53.09010
-64.62720
-80.30170
-48.74380
-57.13400
-72.75430
-45.41740
-54.02510
-75.98860
-65.26860
-83.79360
-81.38750
-76.48180
-71.40260
-40.68950
-74.28510
-48.35910
-58.87920
-75.78510
-51.97530
-42.89750
-65.33720
-75.22950
-83.47810
-72.59170
-68.68810
-72.87360
-63.48290
-72.89340
-63.90270
-56.45910
-52.24050
-44.23710
-78.03440
-67.88900
-47.98730
-68.89330
-57.07430
-56.22530
-69.92510
-66.35330
-54.41590
-68.76550
-58.00480
-74.79860
-65.06780
-31.81220
-66.22130
-66.37340
-51.03620
-64.94840
-48.84460
-65.73430
-46.67530
-60.63590
-75.02330
-55.95510
-78.52780
-47.71820
-56.15580
-62.91160
-71.03910
-61.37100
-50.45390
-67.25000
-84.28030
-68.45240
-63.21910
-59.37360
-52.24360
-32.90370
-71.40240
-49.14780
-81.61450
-66.27960
-76.20310
-86.33730
-66.66760
-56.85740
-84.75700
-74.34150
-84.23810
-10.18850
-64.96250
-54.69820
-72.03300
-61.84120
-69.42130
-71.06770
-60.85110
-77.70140
-67.34520
-65.69870
-83.23010
-71.66590
-46.15830
-65.14530
-61.38850
-63.58020
-56.12470
-73.56030
-50.46830
-86.67910
-33.74640
-37.05230
-80.71430
-41.90520
-66.11190
-40.14040
-90.26230
-50.95980
-86.36910
-50.21570
-59.53120
-54.77780
-64.64130
-60.87160
-62.62050
-64.87130
-70.04440
-63.15250
-99.24000
-83.43010
-45.61880
-66.91400
-47.93020
-76.97260
-45.01420
-53.60990
-65.59450
-81.15330
-42.11270
-47.04980
-77.08470
-76.31110
-59.62300
-41.46180
-58.28210
-48.75620
-73.22300
-55.82760
-81.15880
-55.14670
-66.38120
-61.22100
-60.17050
-54.40900
-47.18190
-69.14400
-76.09150
-62.48820
-62.32970
-70.33830
-47.45500
-68.91730
-85.81370
-49.07690
-64.65290
-53.75530
-63.32020
-68.83460
-43.74720
-48.33700
-59.43130
-44.17820
-37.95230
-84.72930
-49.60280
-71.29500
-46.86080
-47.05850
-74.36770
-56.26950
-45.75230
-63.83840
-53.60980
-71.52440
-51.65920
-91.45530
-39.44560
-77.57960
-73.52120
-67.10480
-52.63820
-52.06110
-81.98700
-57.77160
-43.59240
-67.83490
-50.64300
-63.02040
-49.01100
-65.44210
-65.85160
-72.69660
-64.83060
-50.42330
-70.96350
-49.67000
-50.04670
-68.59090
-67.86230
-47.54540
-71.81570
-70.32110
-66.73980
-55.16890
-69.83210
-46.21650
-61.71730
-70.90810
-56.77970
-85.38660
-71.02800
-56.54330
-38.10190
-42.32500
-62.76130
-66.44680
-55.34720
-45.96570
-53.86750
-66.29150
-45.40630
-58.83480
-49.00000
-69.89140
-72.20390
-31.64050
-52.92160
-71.04680
-61.10790
-72.85640
-85.27930
-56.42320
-74.10600
-64.31530
-63.44890
-54.06930
-71.71890
-58.66790
-58.46970
-45.05600
-27.22520
-62.29660
-67.11010
-56.47940
-51.94400
-72.61750
-61.08780
-85.83780
-75.00910
-70.11890
-68.82580
-45.03700
-70.56290
-71.39370
-77.77340
-58.67900
-61.05310
-80.79010
-59.00060
-70.98650
-65.93160
-45.80660
-56.06970
-77.86790
-64.16940
-66.11080
-65.17030
-38.58320
-67.42960
-47.82880
-55.61310
-68.09320
-67.68530
-51.12980
-50.10860
-59.10250
-62.26270
-54.58570
-53.54500
-51.39600
-64.02650
-64.80880
-63.28480
-53.43950
-53.50150
-59.08280
-61.52420
-35.63330
-68.79410
-48.25790
-47.19160
-64.75590
-56.93290
-60.24790
-61.94910
-61.62510
-54.96060
-72.08100
-69.99690
-62.60310
-64.20820
-56.44510
-58.29650
-58.79900
-67.61080
-46.64140
-76.01760
-84.70950
-61.14980
-63.82460
-65.80030
-51.87250
-59.63420
-64.79820
-45.64130
-74.43570
-65.25950
-54.89270
-57.68030
-45.45590
-61.66230
-61.14830
-65.78760
-89.83690
-60.71420
-72.65200
-77.87230
-58.15090
-62.25970
-77.53720
-53.67050
-49.86430
-48.61400
-33.41720
-79.20860
-69.90750
-51.76980
-35.52810
-56.72430
-47.12150
-68.65460
-52.70850
-46.15200
-63.25740
-51.04760
-46.34570
-84.71880
-21.91710
-62.91160
-78.30400
-78.14280
-51.84530
-56.08330
-69.37620
-54.14340
-37.73220
-58.88570
-58.52790
-89.76740
-44.93210
-56.55350
-39.58900
-84.85880
-62.36740
-60.86420
-46.50520
-78.24830
-57.76500
-45.50160
-47.97710
-75.52750
-51.95420
-68.27810
-76.10890
-57.90060
-64.35490
-54.85440
-60.41810
-32.18290
-52.73830
-83.06540
-72.18490
-61.40920
-60.78420
-48.14100
-72.02850
-74.08490
-53.75190
-61.41760
-49.38640
-40.33720
-51.56770
-64.20000
-56.26690
-76.67910
-62.64350
-65.14850
-56.83110
-51.72930
-68.80970
-48.53020
-62.88360
-30.98850
-69.58780
-69.36290
-56.13570
-59.14200
-48.57120
-66.07850
-63.09700
-49.08130
-79.20890
-71.41020
-48.09270
-41.93110
-70.64320
-47.66520
-44.97760
-71.49070
-39.82570
-63.02150
-68.47650
-66.51890
-63.01980
-69.00660
-40.41440
-92.81150
-51.69580
-34.03540
-73.81020
-55.89250
-71.98530
-55.01060
-75.24090
-74.06060
-60.40760
-49.88900
-62.10010
-79.34500
-62.28220
-57.14470
-74.67010
-79.25840
-77.19020
-50.33110
-70.95590
-72.15980
-30.70020
-39.98430
-52.22700
-50.80220
-64.76140
-84.24330
-65.09660
-72.50060
-54.64370
-68.23250
-71.19400
-73.27160
-76.73760
-48.12410
-65.89450
-66.42430
-66.49770
-68.18510
-56.61630
-58.92840
-70.48290
-65.89180
-41.71810
-64.24540
-50.03540
-58.65340
-70.88680
-62.06890
-47.07720
-57.92500
-76.31460
-46.28550
-62.08400
-73.14870
-62.94320
-36.97070
-30.44010
-51.40840
-76.55900
-48.27370
-73.11710
-50.83190
-46.29350
-57.34080
-77.82670
-37.17300
-50.62010
-46.94670
-64.42670
-50.91200
-61.72540
-74.66420
-50.14200
-63.56370
-75.83900
-51.43620
-31.92350
-82.49170
-58.50560
-79.00460
-60.26490
-34.09740
-65.43840
-50.85350
-89.27480
-80.20310
-60.40950
-58.12140
-88.81960
-63.34650
-58.87710
-74.15280
-43.89390
-56.56310
-85.45890
-80.85140
-25.27620
-48.93570
-69.12790
-64.99350
-63.86200
-55.73130
-74.06060
-48.43650
-81.90000
-55.67700
-66.27810
-65.54070
-75.14180
-55.17970
-72.68320
-58.29790
-40.01070
-65.59520
-65.55710
-48.24920
-75.10450
-47.61810
-56.92350
-44.40800
-69.65380
-57.02200
-77.22630
-50.71320
-57.29110
-52.64900
-51.77820
-45.67550
-61.64680
-94.23150
-72.61300
-62.89260
-60.01210
-64.01790
-69.37740
-50.08620
-59.13210
-78.90030
-54.54110
-60.25590
-63.73120
-71.07850
-45.19910
-47.99130
-74.96420
-42.52380
-77.62870
-53.39990
-68.50970
-58.12270
-59.88270
-74.24960
-88.43270
-68.86410
-80.65810
-87.77970
-57.23790
-69.72950
-37.40160
-59.13350
-67.94950
-33.59450
-75.79250
-53.29910
-75.15730
-38.70590
-60.34560
-80.79180
-82.35850
-56.44990
-67.91910
-82.72660
-46.88640
-61.74780
-67.48350
-59.34570
-59.93480
-56.28850
-47.87840
-71.35440
-49.17710
-46.79720
-68.40870
-57.74550
-65.74760
-56.19160
-59.69180
-66.48430
-77.60590
-62.34090
-56.25050
-58.55130
-51.72030
-62.74060
-36.76760
-48.91600
-40.50550
-55.38630
-59.35980
-65.94420
-71.12260
-65.73500
-62.74480
-69.66090
-66.26730
-45.91680
-71.56720
-33.73330
-73.76170
-69.10400
-45.72200
-81.88150
-76.17440
-60.67890
-70.79670
-58.34310
-54.99530
-47.79870
-77.95600
-57.46540
-68.80280
-57.07110
-57.51060
-65.54200
-61.85660
-56.96010
-63.23600
-79.27710
-69.96150
-69.96480
-72.63930
-61.31760
-49.14840
-53.43920
-54.15800
-85.96280
-60.93550
-68.43670
-76.05820
-52.39410
-69.70000
-69.83560
-79.39460
-71.49690
-56.33800
-64.63890
-55.21520
-84.95740
-62.39220
-56.17540
-58.91300
-67.04220
-82.09350
-39.31640
-36.96060
-67.28330
-65.19060
-51.96340
-71.96100
-73.73650
-77.31490
-62.89390
-56.07230
-76.67350
-61.83970
-65.39580
-42.49780
-69.87190
-45.14190
-66.04030
-46.88170
-74.81790
-78.80330
-71.50120
-83.18810
-66.95990
-49.30660
-48.30380
-32.45230
-37.98290
-63.32340
-89.08810
-57.70390
-57.06620
-68.77010
-67.63890
-64.34650
-77.15570
-30.02790
-56.70850
-60.46150
-42.25170
-72.73650
-70.77110
-66.66320
-43.21490
-71.57680
-47.15080
-65.54400
-57.45720
-61.14120
-28.85790
-46.61820
-50.00340
-47.10970
-59.03110
-92.23800
-51.34090
-52.50060
-61.22860
-59.04720
-45.43910
-71.58290
-57.71460
-55.42280
-83.73610
-62.96820
-78.97790
-62.71310
-62.16940
-43.14420
-50.57300
-48.87610
-71.99220
-43.56440
-42.44370
-46.80690
-33.04660
-57.01020
-65.65570
-50.28420
-43.18150
-48.50140
-68.64880
-53.21350
-72.79760
-66.67410
-65.00660
-57.28780
-46.84050
-83.38660
-78.91550
-49.10900
-55.16480
-57.53840
-60.86940
-62.79210
-57.55010
-51.34320
-75.35300
-71.71980
-65.62080
-63.45140
-68.94260
-58.62300
-78.36180
-61.71620
-57.73410
-58.84220
-54.71520
-55.81350
-69.25660
-51.00590
-49.07380
-64.91420
-42.11450
-43.89390
-70.39290
-53.47700
-69.50440
-52.11650
-60.89000
-50.13470
-65.35310
-45.27010
-64.72700
-77.02530
-48.36600
-71.68790
-53.67330
-64.42190
-68.23620
-48.30190
-52.92260
-66.97460
-76.93770
-55.17490
-82.43520
-50.77840
-67.21240
-57.41420
-33.05010
-65.60920
-83.45770
-52.91850
-40.55260
-63.70690
-55.54110
-68.68060
-66.15200
-64.62450
-68.43530
-54.03090
-55.77700
-51.88470
-56.60710
-58.23810
-66.75020
-55.99430
-71.97080
-62.60950
-74.28950
-51.58260
-87.26390
-65.93170
-83.60120
-73.64320
-56.89510
-61.64490
-44.89360
-51.17410
-53.28940
-43.22610
-66.06910
-69.91280
-73.84300
-30.67860
-49.30700
-41.64740
-55.41630
-66.74680
-61.41300
-69.18830
-55.46490
-46.83810
-67.12900
-44.57520
-57.07220
-51.53950
-51.95110
-79.38910
-79.52750
-56.18340
-61.08770
-64.21450
-68.66500
-51.97710
-60.60750
-56.25670
-35.62160
-61.26550
-60.21680
-75.52620
-34.67960
-32.61570
-47.03510
-76.81620
-46.99520
-72.76100
-50.09130
-46.76730
-36.27770
-61.47040
-46.31700
-83.25200
-47.22630
-74.13980
-56.15830
-60.82200
-56.29460
-63.44050
-43.30250
-51.47960
-60.24220
-59.95330
-53.53700
-43.25380
-60.76100
-74.46960
-53.01590
-71.10820
-61.95950
-42.05890
-73.89200
-51.67660
-63.49150
-91.66960
-69.15610
-69.42580
-63.77290
-71.96970
-54.54860
-65.58040
-61.68900
-70.04890
-69.32110
-61.02020
-62.24620
-58.49790
-69.02520
-59.67140
-55.42370
-62.35880
-58.60380
-55.59580
-65.60160
-67.63670
-69.11140
-69.27670
-71.92340
-61.90970
-63.99520
-71.37880
-64.11230
-54.71110
-77.70330
-62.74920
-59.23270
-77.48960
-76.47170
-50.60790
-39.49480
-49.77300
-72.44820
-74.82190
-62.97890
-55.39950
-41.41090
-71.86890
-52.42300
-79.03740
-65.52540
-58.47740
-64.84870
-61.37930
-73.26610
-63.02540
-72.04990
-64.27840
-72.07420
-71.05040
-60.57270
-61.37100
-54.54670
-60.77860
-63.73640
-47.34990
-75.27580
-58.32310
-73.50890
-72.13790
-48.65580
-44.34080
-50.39700
-60.40920
-35.89080
-55.82970
-76.78970
-56.87110
-70.12420
-64.33830
-44.12640
-57.36730
-66.29370
-65.40970
-71.91410
-68.35020
-46.04530
-53.56610
-64.54860
-77.48060
-64.93120
-62.44410
-45.71210
-47.75440
-42.90460
-65.43580
-79.30880
-67.78130
-50.71630
-70.51440
-49.85910
-69.92770
-72.01160
-41.35780
-59.46070
-67.96010
-73.62280
-74.72570
-75.46770
-54.02730
-54.01880
-50.79250
-53.64240
-45.85700
-34.80840
-63.29680
-66.38100
-57.32610
-58.05420
-63.45610
-68.12630
-76.99180
-63.02580
-73.03500
-56.72320
-51.78880
-51.88350
-45.49020
-64.23090
-71.82820
-50.24190
-45.48350
-59.22280
-58.22770
-45.06740
-50.47210
-66.25720
-34.74360
-51.18560
-30.23440
-68.09140
-45.00410
-60.34360
-60.78930
-50.81370
-38.03210
-43.72610
-46.37800
-42.94000
-75.88800
-35.11500
-75.65070
-41.47650
-67.47710
-61.91990
-77.65170
-70.11240
-92.83210
-75.81190
-35.85670
-36.89350
-77.13020
-72.27690
-50.02310
-34.03630
-51.75690
-39.63070
-41.89440
-57.63810
-49.68310
-56.78120
-77.08930
-81.51940
-52.84070
-74.65240
-55.97230
-64.98840
-60.36330
-76.26000
-61.54670
-45.02060
-80.43780
-45.60210
-79.96170
-70.16470
-46.54100
-42.25150
-68.04570
-65.37520
-48.74180
-61.64630
-55.11100
-46.61130
-42.13890
-85.98520
-68.45920
-82.57370
-67.25030
-55.80270
-58.66440
-53.47060
-64.78550
-51.47990
-45.61690
-56.19010
-52.15870
-63.24350
-64.02550
-49.28150
-69.71200
-91.09440
-52.45070
-65.97000
-44.70670
-54.06520
-93.11960
-71.68380
-54.66610
-43.61770
-41.33110
-46.40510
-83.39040
-35.29780
-82.53720
-54.71100
-73.70600
-86.16100
-62.70520
-57.99070
-55.59550
-79.38640
-82.54180
-54.68490
-57.19050
-90.79640
-46.24060
-54.01280
-70.48160
-72.23660
-65.39270
-68.83720
-35.09320
-46.42480
-93.02100
-59.14510
-32.69830
-77.33150
-52.09580
-75.52240
-45.63560
-18.14200
-47.92150
-87.92990
-55.64390
-62.86920
-58.48070
-51.23760
-58.51700
-50.38560
-45.70580
-78.52190
-35.43650
-74.77290
-50.16430
-70.88500
-46.65340
-77.63100
-54.17740
-57.41170
-62.92300
-75.78210
-60.78850
-39.74450
-60.68250
-82.57390
-55.39790
-73.02010
-83.41400
-74.03900
-66.72550
-93.93660
-48.99500
-64.00930
-67.64370
-54.58760
-36.36240
-75.59340
-54.83000
-48.62890
-62.47850
-75.04300
-35.33410
-64.39460
-69.64380
-30.58520
-57.91160
-52.01340
-54.71570
-61.84390
-82.76480
-51.51480
-46.76160
-10.37260
-70.88980
-77.35880
-65.59010
-55.75420
-45.12410
-69.84050
-57.43400
-54.57970
-53.36340
-47.16280
-59.46830
-48.74940
-49.19530
-57.43020
-74.62920
-68.56820
-65.55550
-60.82910
-68.69750
-67.73010
-68.36590
-65.32270
-53.51100
-38.59430
-77.07230
-59.94610
-66.49880
-51.26450
-69.87940
-66.57560
-72.18560
-74.10370
-83.63040
-64.62300
-65.35780
-41.24020
-59.09710
-50.64850
-43.03410
-58.86960
-80.78380
-83.27540
-50.28170
-65.94410
-49.05580
-51.56190
-70.72910
-51.23670
-57.40750
-68.40640
-10.35760
-69.84490
-52.72810
-44.66580
-60.39170
-72.30500
-41.25200
-58.08480
-73.28960
-63.02130
-81.28410
-78.92280
-36.89960
-57.87130
-77.50680
-52.50120
-56.90410
-63.45160
-68.28660
-44.36050
-56.69080
-67.66010
-48.44880
-66.80270
-50.57440
-47.38710
-51.10440
-43.62630
-76.54570
-52.74500
-54.23320
-79.39170
-45.86230
-48.35900
-83.81700
-81.66780
-71.97840
-54.65430
-50.89230
-56.68240
-62.23790
-61.57740
-70.50130
-75.62850
-57.64540
-58.34570
-76.99870
-55.95240
-52.93450
-53.73920
-84.77250
-74.75600
-68.08640
-62.12990
-41.30050
-52.32290
-40.52560
-79.06630
-58.05060
-79.13000
-82.41740
-58.85760
-60.42650
-75.15020
-44.24500
-59.03660
-69.75070
-49.94680
-49.43390
-64.84130
-86.16010
-58.81750
-61.05070
-68.61360
-62.46180
-56.09420
-50.99360
-73.54720
-75.11880
-52.00360
-52.25450
-61.01780
-70.07980
-44.89150
-63.52060
-57.77830
-65.22610
-55.72980
-51.64930
-72.90940
-57.93510
-43.62870
-48.20730
-56.99620
-63.44640
-64.04220
-62.44820
-64.15860
-60.16890
-68.92860
-66.55050
-69.35370
-39.14010
-60.78560
-42.62880
-72.44360
-68.15120
-59.05910
-65.85760
-61.22920
-54.94960
-53.54920
-69.07850
-65.10840
-46.29780
-59.50360
-75.08880
-49.50420
-70.21380
-57.15700
-61.56410
-49.04550
-71.53320
-62.24970
-59.92460
-65.86690
-69.10510
-70.52530
-59.61820
-57.32740
-64.25750
-55.62240
-55.68970
-70.19870
-70.39210
-70.15990
-64.97740
-48.30280
-74.24760
-58.78410
-48.72360
-76.42360
-61.97630
-77.30510
-72.00320
-74.76570
-73.02960
-59.44480
-58.86780
-68.23450
-65.11230
-61.10280
-76.67580
-52.92910
-66.26770
-50.45630
-69.26640
-63.19420
-78.93090
-67.26740
-62.24510
-52.72030
-84.78290
-77.84750
-58.87300
-73.36350
-80.74380
-76.70160
-38.37890
-53.97840
-74.33480
-62.01930
-60.41240
-44.19140
-58.76000
-40.62220
-61.41310
-59.09250
-73.15680
-79.76150
-53.73390
-74.88410
-44.80520
-59.20620
-62.08010
-62.26280
-49.90110
-74.12210
-80.32360
-59.62180
-52.16280
-43.96070
-46.09730
-65.68190
-60.07450
-65.98040
-86.23550
-56.65370
-59.09700
-79.93550
-63.92800
-51.53770
-36.62860
-55.93680
-67.44440
-54.17100
-67.44110
-53.58830
-67.47000
-66.93680
-74.60230
-52.49290
-80.82620
-49.48550
-84.73920
-71.80220
-60.55590
-77.46060
-62.69040
-66.63530
-71.62870
-74.63510
-39.34970
-60.41500
-53.37780
-59.67880
-55.46890
-40.97420
-28.32880
-63.63700
-75.83220
-71.86100
-48.56500
-59.80630
-42.09780
-72.37970
-43.91580
-76.56560
-54.53790
-54.33850
-50.71840
-60.09550
-45.21170
-54.41070
-76.99480
-67.71020
-47.22490
-69.30760
-69.14830
-38.73160
-42.88930
-87.38390
-64.45040
-67.68020
-56.83690
-55.15150
-55.39860
-60.06140
-58.70130
-69.29070
-35.99350
-62.91100
-74.25360
-53.57160
-75.73910
-65.50720
-64.13580
-63.73760
-56.72240
-51.87910
-43.25910
-70.50240
-60.45950
-59.72970
-56.32420
-39.92200
-68.37160
-65.14830
-52.09290
-54.12010
-70.88500
-47.81900
-61.82350
-53.23210
-60.32400
-63.17410
-66.63150
-50.17090
-72.25780
-79.79340
-57.71500
-51.95520
-68.68430
-65.44950
-46.98900
-48.79300
-73.92690
-66.18070
-84.90230
-44.97210
-36.12920
-61.10960
-47.65180
-65.15810
-90.56550
-52.06870
-69.29630
-78.87770
-52.03940
-63.13760
-71.61600
-47.89950
-47.94880
-46.66750
-52.27390
-40.64700
-67.87440
-77.67900
-56.97860
-48.87590
-59.15550
-72.49570
-69.62790
-59.14330
-61.94890
-56.88850
-59.23780
-51.56500
-62.93570
-46.52830
-59.69910
-38.43450
-82.47740
-46.43560
-71.38080
-60.79440
-26.56150
-59.19850
-67.29920
-43.07450
-86.99420
-41.06220
-52.74210
-66.64800
-84.33340
-93.80060
-64.36640
-68.13310
-49.68120
-83.10300
-72.26090
-65.20030
-59.32500
-75.86680
-63.76450
-51.78670
-56.34670
-66.62740
-81.69770
-53.26570
-67.95200
-71.45540
-56.21060
-60.08460
-70.70830
-75.73310
-42.57470
-80.54810
-62.78500
-44.91060
-47.61000
-60.86830
-54.84440
-75.82450
-51.50350
-70.72600
-73.32690
-60.35940
-55.49610
-58.11010
-66.79840
-31.09120
-30.81940
-38.04530
-60.69650
-81.25470
-43.01750
-54.68960
-60.76810
-61.89820
-64.03970
-47.40020
-63.33310
-59.25650
-40.78950
-56.63520
-56.56660
-88.29710
-59.17450
-74.93350
-62.21670
-62.17250
-69.48410
-42.99690
-63.52830
-52.89630
-66.88520
-41.65110
-49.57480
-48.09800
-58.67790
-39.95000
-82.88150
-66.83730
-51.39860
-46.19170
-60.13460
-66.81770
-64.22160
-46.91140
-40.73390
-72.38460
-76.10790
-46.95590
-40.70280
-63.66370
-61.98540
-35.93950
-59.73880
-75.10370
-52.57450
-57.15910
-61.39090
-68.16960
-64.14490
-92.53430
-79.13800
-57.95320
-61.16880
-64.17100
-93.30240
-54.49120
-40.79770
-58.29370
-51.43950
-51.25450
-47.03880
-70.30670
-52.64310
-54.01790
-49.70290
-67.21490
-82.41250
-28.69350
-61.63580
-78.26260
-61.64310
-70.82280
-60.55640
-70.00530
-76.43230
-53.07540
-76.02150
-83.77430
-51.55890
-54.55840
-42.21310
-54.87160
-55.03900
-54.61950
-79.20440
-68.08450
-66.93220
-74.24570
-51.78720
-44.94560
-67.04510
-57.26830
-66.08490
-65.76340
-48.49050
-90.43010
-61.51750
-78.05270
-74.84630
-82.99970
-67.66860
-44.28490
-64.49790
-75.48010
-70.01830
-68.56320
-46.14880
-74.63970
-67.09990
-62.31640
-67.33710
-74.36470
-55.91810
-54.88650
-52.13140
-49.10260
-67.20950
-59.78940
-38.39190
-68.03700
-75.24680
-60.52760
-59.20750
-55.54050
-52.56580
-65.59670
-80.35310
-52.65480
-64.70200
-76.87450
-46.92250
-48.29560
-57.75670
-63.53660
-55.08940
-42.36920
-77.98470
-63.30700
-58.87060
-59.58250
-47.42360
-80.88480
-56.36950
-61.51620
-59.31330
-53.64010
-58.11990
-77.11980
-57.03960
-51.05350
-50.70530
-65.67300
-81.47630
-64.62020
-63.46630
-47.14930
-72.14310
-60.58400
-64.91940
-48.10920
-43.83960
-60.61730
-67.15260
-63.70920
-50.85820
-57.43840
-78.60220
-63.79940
-78.60710
-67.02020
-73.62100
-72.26650
-69.37650
-45.89350
-84.42350
-41.59790
-80.48610
-64.52070
-57.59610
-76.98140
-63.66890
-70.67750
-42.08450
-43.44390
-81.35740
-62.59110
-64.67940
-49.49600
-65.60850
-52.49980
-48.92710
-58.88300
-61.27850
-79.34470
-58.09790
-72.72570
-57.93890
-72.59920
-67.57220
-77.02260
-59.41290
-36.02890
-58.94990
-65.76630
-36.97090
-59.40380
-63.59590
-76.45550
-64.90600
-61.79560
-74.51750
-39.96040
-57.23180
-68.97150
-51.52220
-60.34850
-49.41830
-48.90030
-71.54330
-50.16320
-51.28720
-96.14020
-73.45420
-54.19910
-71.32620
-52.03120
-55.75670
-65.56930
-67.27800
-57.16020
-64.17460
-55.95680
-40.75800
-53.87800
-67.13320
-51.78720
-78.11110
-46.51820
-53.21070
-45.54860
-75.62070
-66.22920
-54.22350
-68.02770
-58.94410
-63.44690
-88.62070
-47.49150
-76.51030
-59.95590
-68.71110
-58.64680
-43.55060
-61.73730
-44.75930
-55.16300
-37.06860
-46.50170
-50.40900
-73.62080
-50.96100
-58.42830
-68.81800
-48.80100
-57.35750
-61.24120
-71.86870
-57.42660
-57.21650
-55.17280
-61.39240
-66.55020
-57.00330
-70.92960
-77.30460
-65.53120
-38.25370
-55.26920
-66.79230
-54.77400
-63.40070
-67.76520
-71.47200
-55.57390
-51.99370
-31.57960
-68.56770
-77.99200
-62.17820
-51.58860
-68.18350
-49.71500
-77.45770
-42.51100
-50.28470
-36.47740
-56.11900
-71.64430
-52.11530
-43.73540
-50.68270
-56.31730
-51.60160
-63.94450
-81.64660
-71.35630
-59.29190
-59.06260
-54.77890
-91.59540
-39.17650
-72.63200
-66.79910
-49.90690
-72.12730
-50.64360
-67.02810
-49.89110
-48.20130
-84.07280
-45.50190
-58.30700
-61.46530
-63.23020
-65.75500
-62.53670
-68.37240
-73.29980
-49.21100
-41.34490
-61.21600
-43.59790
-81.20550
-71.05570
-51.72840
-57.09840
-61.38170
-53.15750
-52.16130
-66.35170
-74.04230
-62.17870
-85.13700
-51.32460
-70.82070
-97.92670
-47.07460
-33.72380
-50.77030
-70.20590
-73.19470
-67.34330
-71.69370
-62.32910
-64.85810
-43.78930
-46.95180
-66.22670
-41.65200
-66.57220
-60.09930
-64.82770
-64.83360
-69.17100
-61.74420
-62.00230
-68.77070
-80.42670
-68.32210
-59.41780
-57.59600
-60.67030
-75.70340
-65.72080
-66.51170
-61.96090
-54.27930
-62.31820
-66.31580
-70.18130
-84.75840
-64.99420
-43.64620
-81.87240
-79.49730
-50.69480
-62.32980
-79.11660
-59.05440
-63.39930
-59.38180
-53.61540
-41.44420
-70.21250
-47.80320
-92.95050
-56.14320
-84.54480
-52.22820
-55.08260
-37.36350
-98.22850
-54.20200
-36.88530
-60.27100
-42.24080
-61.26520
-55.99800
-58.65290
-71.21100
-75.53210
-72.28180
-53.18930
-62.80100
-74.93660
-61.75440
-68.67860
-73.84150
-68.86330
-70.15280
-70.98090
-63.75880
-36.20340
-41.96740
-75.59250
-54.58340
-68.13180
-53.88050
-66.49660
-60.05160
-60.09260
-50.01130
-49.13930
-55.62670
-65.87130
-51.03170
-58.39630
-49.00310
-55.50100
-56.25390
-34.03670
-56.90180
-79.99380
-50.52840
-79.95500
-61.27270
-55.96730
-31.72590
-47.74940
-53.47670
-70.57270
-40.92670
-61.58880
-62.04350
-34.79600
-62.06570
-62.50710
-55.42360
-78.82980
-69.31990
-47.24990
-78.93570
-63.54130
-21.07330
-84.16880
-73.93670
-56.07450
-76.52160
-67.91110
-46.93400
-52.79980
-50.15490
-62.29300
-68.68800
-63.87410
-57.00560
-72.53460
-50.33700
-57.42060
-53.37640
-64.96570
-74.20330
-77.57020
-52.60580
-71.64170
-62.81360
-45.30270
-79.14960
-59.11490
-59.18190
-52.24700
-41.07670
-71.19880
-52.74460
-71.81550
-49.23930
-47.51680
-68.22690
-74.37640
-73.34600
-42.49840
-62.16260
-65.13210
-65.96680
-64.27110
-70.22860
-49.78680
-62.32830
-66.69010
-63.71150
-33.81990
-25.27610
-51.55540
-56.14570
-43.90670
-65.10390
-74.41200
-35.81940
-62.28450
-77.87860
-67.06020
-37.96640
-27.81740
-51.94580
-74.48740
-24.22730
-48.62170
-56.40740
-57.61180
-46.25830
-68.32650
-63.54370
-67.20530
-40.04820
-60.10300
-58.73570
-49.95140
-79.94070
-60.65880
-76.43950
-58.99930
-49.65250
-68.06200
-71.91270
-74.10840
-67.41080
-87.13090
-47.39160
-79.37630
-59.34120
-50.44230
-84.61050
-52.99220
-69.91700
-65.58750
-47.44890
-60.22870
-62.70660
-54.97860
-57.46210
-77.30850
-59.43690
-71.82190
-45.14980
-46.28350
-62.71770
-55.76330
-68.85060
-53.31850
-51.28890
-52.92540
-63.30830
-52.13720
-66.36150
-71.49920
-50.90880
-75.73090
-42.85170
-69.16120
-53.59590
-90.27790
-60.27460
-74.74000
-55.36540
-71.64250
-71.67260
-67.16100
-55.05700
-54.37980
-46.37610
-62.84180
-62.00680
-42.64020
-70.84060
-48.42370
-66.11240
-88.28040
-66.34950
-36.14110
-50.30330
-71.92080
-55.24790
-80.11640
-45.03450
-71.94760
-55.07810
-60.47870
-58.75590
-36.70840
-66.83800
-66.23470
-51.77880
-70.89440
-49.58450
-47.37430
-69.87430
-72.78850
-65.73400
-60.15250
-57.60150
-96.66280
-62.02010
-74.60940
-80.62600
-60.85150
-54.46750
-56.45120
-56.61150
-45.88020
-65.91320
-28.97400
-76.96610
-53.33230
-46.05310
-52.19620
-70.53020
-37.57630
-67.19070
-76.14760
-56.25950
-47.83470
-71.20370
-51.39000
-57.32030
-68.20090
-56.77250
-46.59250
-66.37930
-82.46490
-58.44970
-48.04820
-52.50450
-38.77190
-60.27090
-91.00720
-49.34960
-80.98780
-46.56040
-58.59180
-49.42980
-60.56350
-53.03770
-56.55700
-63.71390
-74.17950
-67.36400
-70.06810
-67.50120
-48.51120
-43.06160
-55.70670
-69.85600
-31.91080
-41.99500
-55.15700
-51.77190
-55.11730
-68.34050
-78.79970
-48.52340
-66.59650
-59.34970
-35.51630
-57.63380
-62.32850
-73.09580
-58.42650
-66.04620
-63.76700
-45.41900
-63.43720
-56.78740
-58.77440
-44.92550
-31.30980
-64.77190
-49.56570
-65.29240
-69.15220
-94.70390
-38.73330
-38.01100
-41.85500
-50.03620
-68.50230
-72.71310
-59.80990
-72.56720
-61.11530
-58.16420
-56.44110
-48.13740
-46.18180
-51.83280
-65.42150
-70.72560
-59.69250
-50.31220
-59.43890
-73.35720
-75.32690
-53.03010
-37.80760
-83.94800
-66.55260
-78.90990
-74.45780
-57.36340
-71.33610
-81.21930
-63.11430
-61.02740
-72.16760
-50.37560
-49.03450
-48.81320
-64.67920
-59.57580
-43.86600
-50.84460
-78.66930
-37.86830
-34.33190
-48.77890
-90.14010
-73.42150
-84.58870
-73.90120
-53.32210
-51.70150
-64.21770
-55.52240
-75.94810
-74.56810
-62.14850
-63.15920
-69.55420
-69.16080
-61.14760
-84.36820
-62.54070
-56.74650
-69.47270
-72.51250
-78.45350
-43.97590
-78.33800
-83.43380
-79.91910
-72.41190
-46.50550
-83.48550
-66.45070
-53.53550
-52.67150
-42.68820
-71.04140
-35.36630
-65.08180
-50.97220
-51.37960
-53.69790
-70.74050
-64.94030
-31.17520
-45.39830
-45.78790
-55.11090
-56.89930
-43.08230
-66.32040
-65.78180
-65.32680
-76.53600
-69.87790
-59.30850
-53.21910
-72.13390
-53.15570
-68.53630
-45.15070
-42.34510
-49.43790
-63.85090
-56.80140
-59.39670
-61.00860
-63.59130
-67.31640
-41.91510
-52.00060
-69.55870
-53.67220
-64.89740
-45.63090
-53.63700
-70.32820
-74.92820
-72.39420
-65.59310
-59.53400
-43.98640
-66.28430
-69.75530
-67.31850
-67.19870
-64.77880
-45.95450
-47.91200
-58.70060
-49.91040
-71.88660
-73.59170
-83.27880
-69.46580
-34.09000
-63.85680
-69.90380
-66.13720
-72.21800
-87.67570
-53.76850
-65.29040
-63.35000
-54.36770
-55.32330
-76.73090
-57.83170
-60.06250
-73.54440
-65.24180
-93.77580
-74.89490
-65.95510
-89.16520
-47.08610
-66.41470
-52.80620
-48.09690
-67.65780
-64.34690
-44.46220
-53.13330
-77.90910
-52.27160
-62.70120
-73.11560
-39.87190
-83.63810
-65.62100
-57.02540
-82.30920
-72.20520
-76.55620
-67.15290
-70.41330
-51.99710
-47.28470
-58.32160
-74.58470
-43.57920
-48.30000
-49.62810
-29.67860
-65.06860
-63.29480
-86.18900
-77.06360
-25.09310
-47.19770
-59.61360
-74.61440
-63.06970
-54.54100
-65.97050
-80.43000
-37.53700
-94.58780
-44.66880
-77.43750
-45.09730
-57.02450
-74.14450
-56.00210
-59.98080
-68.21140
-84.89930
-54.02830
-40.45770
-77.93560
-70.50010
-75.19640
-66.31760
-56.50120
-59.86000
-36.10720
-54.87400
-69.11550
-90.85490
-50.53780
-76.90800
-69.82080
-73.80290
-86.77430
-30.81130
-58.28130
-53.64200
-54.07790
-40.28390
-83.84780
-40.39530
-72.04740
-70.95870
-56.14680
-52.77540
-56.24230
-49.90090
-68.58970
-77.40800
-48.21430
-43.84320
-30.66350
-67.54680
-60.58500
-56.56790
-49.12730
-52.14510
-47.61810
-71.95470
-76.68550
-62.13800
-44.17430
-41.19050
-55.99820
-65.70440
-62.20840
-25.80610
-82.42500
-56.05060
-79.40510
-59.74780
-42.94450
-63.50340
-41.07160
-46.28510
-63.43820
-49.64950
-61.40100
-51.60580
-54.91930
-41.30750
-78.22670
-70.23900
-48.20490
-57.73340
-69.21090
-47.55810
-61.81790
-79.62510
-53.66780
-72.46560
-45.69730
-57.84190
-74.48310
-66.49240
-78.01440
-65.42470
-55.64430
-80.02970
-58.24840
-60.12560
-66.87520
-62.14370
-82.04150
-69.40250
-63.72030
-47.18720
-63.70480
-64.10070
-49.23880
-87.33690
-42.90200
-62.00630
-66.45400
-63.68710
-65.08440
-61.10150
-57.10700
-65.96980
-66.61690
-53.77460
-70.66470
-59.67110
-72.31370
-74.24050
-43.31620
-59.42790
-60.38630
-72.26920
-99.22160
-45.94820
-89.57620
-53.77980
-72.78310
-62.16550
-41.47010
-61.12340
-72.30660
-54.30690
-66.53110
-60.66850
-77.80550
-43.34400
-62.95910
-55.19810
-71.07920
-55.50700
-62.07440
-73.67580
-39.67890
-64.40370
-70.91750
-55.05840
-72.14830
-44.25350
-59.73570
-70.09310
-76.44390
-59.80780
-65.62480
-48.37250
-39.71120
-57.99320
-56.52330
-52.97670
-51.17330
-62.57140
-34.28630
-46.15690
-81.55130
-57.08440
-70.51010
-31.25780
-70.06900
-50.88950
-77.55850
-65.19750
-38.92310
-80.98420
-51.77740
-57.44030
-82.19740
-53.89950
-74.26650
-52.20750
-47.26250
-83.98690
-61.02530
-69.19420
-62.97270
-58.69180
-50.64520
-51.87890
-50.84040
-71.70910
-48.04410
-64.56020
-62.50520
-53.54990
-49.26700
-52.47550
-48.41120
-60.29390
-71.01760
-74.16890
-63.02060
-54.70060
-51.41670
-51.50750
-80.86400
-49.97060
-67.23170
-35.52160
-76.28590
-43.24170
-63.61280
-57.90200
-51.22890
-69.77630
-41.83320
-89.37910
-65.00050
-62.71490
-49.81320
-51.37590
-59.39920
-34.39610
-69.21570
-29.33570
-68.15450
-68.96230
-71.78510
-64.55000
-47.54820
-58.21120
-54.27730
-59.30920
-76.99040
-32.28760
-49.55600
-52.26660
-49.62660
-59.71400
-44.61350
-74.20460
-80.52170
-57.98210
-52.14100
-58.96320
-35.01780
-79.72420
-62.55730
-64.15620
-41.79360
-69.34780
-68.62950
-34.35820
-57.92420
-77.51240
-65.86050
-34.64740
-56.68390
-49.04830
-46.03370
-68.55200
-54.38260
-63.73780
-60.97140
-60.74550
-64.87430
-61.46980
-71.50430
-61.86170
-55.76320
-65.95320
-63.16930
-50.64170
-51.69570
-59.69890
-68.85460
-59.43950
-61.67640
-58.88770
-66.53520
-39.42740
-53.92400
-29.36280
-43.13450
-63.52250
-69.75500
-60.89480
-79.70530
-26.22100
-65.77600
-72.36330
-51.10390
-66.54230
-58.34600
-61.91960
-53.59930
-65.95870
-56.10490
-88.04120
-45.65450
-56.13390
-56.84840
-39.78250
-55.73650
-69.29470
-60.57840
-50.50040
-54.15710
-70.58470
-47.32930
-50.08810
-61.72740
-76.85750
-62.83240
-57.86440
-62.53700
-44.12250
-78.97130
-40.31400
-78.08240
-64.62670
-67.63690
-67.53360
-60.25380
-51.10620
-57.69430
-69.22200
-72.01900
-55.95250
-55.95840
-62.07550
-53.17750
-62.63360
-41.02250
-62.91460
-63.73600
-60.47170
-44.72650
-56.38060
-59.28670
-54.12000
-79.84610
-75.41010
-52.97630
-70.53700
-66.54830
-44.40330
-63.98130
-68.57990
-70.64450
-84.94610
-43.98680
-73.70910
-30.02620
-57.00130
-70.37660
-54.88590
-62.54170
-54.02400
-43.26620
-50.10280
-53.87930
-64.87450
-68.21130
-88.60770
-72.29500
-84.51240
-82.03150
-53.00880
-72.59100
-63.59550
-57.03380
-60.76750
-49.95390
-44.29530
-53.72950
-54.51790
-44.94670
-48.55330
-54.31220
-61.09990
-61.11960
-60.60750
-77.89500
-60.93290
-38.56550
-54.46670
-82.48340
-72.13650
-32.76440
-66.48650
-74.42490
-58.56720
-51.31610
-90.70480
-74.14300
-56.08400
-74.39250
-48.64250
-64.83700
-70.75250
-57.33680
-73.30190
-58.63130
-67.59110
-88.40910
-55.96190
-72.22990
-59.54330
-43.39490
-68.35340
-56.99270
-47.50180
-67.73210
-72.19320
-70.88920
-70.33700
-64.07420
-46.31880
-40.49640
-46.64810
-69.98330
-49.25700
-55.03600
-62.83790
-59.00460
-61.95100
-49.26770
-70.85010
-57.49450
-71.80340
-68.91350
-52.55860
-72.98830
-42.79880
-56.71760
-55.89470
-59.63570
-57.41460
-65.28010
-50.98180
-44.71570
-58.55750
-51.01490
-53.60040
-49.60730
-53.96480
-49.61870
-60.53000
-45.37550
-45.93570
-44.19560
-48.06660
-45.18150
-60.83840
-21.43110
-62.81920
-75.02150
-68.87930
-68.85210
-44.34030
-75.50470
-92.68450
-54.48270
-63.09310
-71.06490
-77.50080
-38.68300
-38.56380
-52.87060
-62.82000
-39.39470
-56.05990
-55.44850
-66.36310
-71.80760
-59.32430
-57.13290
-60.43940
-42.45850
-53.96910
-50.82300
-53.84760
-41.87840
-55.95580
-65.21040
-62.99310
-66.48830
-75.07680
-49.88390
-55.21790
-42.84460
-59.21890
-57.88740
-79.57910
-48.37630
-60.71920
-81.07160
-52.69770
-69.90460
-52.79300
-57.91670
-60.73720
-35.72230
-40.32900
-71.99310
-60.11960
-34.35600
-73.45170
-51.36720
-69.72380
-73.97800
-58.96370
-51.59900
-90.13180
-65.73070
-54.54220
-56.06190
-55.55520
-71.28260
-63.62270
-68.86400
-69.64060
-63.28290
-64.02920
-82.14310
-46.66640
-53.01790
-64.53760
-57.53840
-66.39010
-47.05500
-49.63690
-53.45960
-60.53310
-67.11420
-73.30560
-56.78720
-68.73530
-62.26420
-43.79630
-43.08050
-68.76530
-48.85340
-66.56000
-51.36320
-59.29360
-78.58280
-60.51510
-39.14870
-51.78100
-61.77840
-60.07700
-76.78260
-38.70090
-68.01520
-80.97770
-68.97950
-55.60410
-54.01630
-61.01650
-75.63510
-60.16630
-60.88920
-66.56980
-74.75340
-71.71060
-61.24650
-59.95110
-49.85070
-59.04840
-57.04100
-64.38750
-65.17420
-56.29540
-58.69020
-67.46250
-68.61900
-64.74880
-50.36810
-48.04150
-66.86180
-37.67940
-70.67750
-60.92810
-53.62150
-73.77720
-55.96140
-34.46300
-42.30660
-51.07550
-62.05370
-82.36550
-47.49820
-62.48470
-52.09200
-50.36590
-61.94180
-75.74750
-62.33900
-71.91230
-68.18560
-52.11100
-57.78980
-90.21330
-51.96660
-43.76010
-53.44930
-73.89430
-65.67300
-72.64220
-48.16750
-42.11200
-53.64580
-76.98130
-49.20460
-50.93600
-49.91200
-77.24580
-61.39640
-74.05400
-73.73030
-78.32040
-37.24600
-49.28170
-56.50240
-66.84560
-62.40720
-55.15590
-58.07690
-48.32220
-43.09140
-72.02410
-46.81230
-54.17110
-58.95920
-68.30910
-44.99380
-61.45100
-77.35660
-10.16390
-44.00900
-41.52340
-66.84330
-53.23250
-54.98810
-48.82520
-76.35670
-56.43440
-57.54950
-75.08130
-63.10310
-62.00140
-69.93740
-92.19270
-52.99900
-57.09920
-54.83470
-71.52850
-49.89220
-68.88530
-76.67220
-55.10360
-47.02940
-45.91660
-69.45960
-79.91630
-41.12770
-76.26290
-64.51830
-46.49080
-74.76730
-36.95920
-61.68100
-51.39040
-54.13560
-57.66950
-51.89340
-78.24590
-75.29100
-57.04700
-53.13330
-52.30280
-73.35780
-62.98870
-64.29160
-64.90930
-47.98980
-43.94200
-61.16950
-77.39350
-61.59450
-72.52210
-56.01620
-58.59130
-79.32000
-55.64010
-59.79110
-61.30630
-69.77220
-58.56200
-71.54270
-38.94150
-43.38250
-70.13890
-43.68340
-50.58700
-53.40410
-62.59910
-63.71980
-59.16050
-53.11380
-38.19980
-72.72280
-58.41960
-49.90090
-65.57300
-60.99620
-83.44870
-43.62690
-75.33990
-70.56050
-57.87100
-53.08210
-42.21120
-37.25450
-63.91440
-53.11160
-70.33830
-40.82840
-65.94060
-63.40530
-76.39860
-71.98720
-65.44840
-66.00980
-69.57060
-53.33410
-54.88560
-64.26270
-70.99740
-50.78110
-67.97160
-60.40150
-61.41950
-35.49090
-53.92610
-57.51350
-56.15640
-62.01200
-56.66630
-67.80360
-74.48000
-58.46580
-42.66320
-28.35910
-53.73580
-61.31590
-63.15920
-58.44040
-83.82410
-72.48570
-52.03990
-87.88110
-87.04220
-46.91580
-34.02500
-72.82880
-50.58900
-40.74440
-61.03610
-61.35420
-43.40080
-59.93330
-75.53290
-58.45080
-71.64900
-46.94380
-59.92490
-53.58500
-63.69970
-74.91390
-48.58450
-73.23020
-52.88340
-73.57190
-61.30530
-42.56970
-57.91510
-56.01760
-87.72750
-57.83320
-61.92090
-78.00600
-65.89420
-53.20340
-42.42150
-89.60460
-73.42200
-55.36560
-65.65240
-78.87340
-42.20190
-47.23930
-66.07330
-41.05270
-82.53890
-49.65150
-70.36740
-78.78780
-40.33800
-56.56860
-73.27500
-55.56740
-84.02890
-58.95690
-54.83310
-50.54930
-45.17370
-47.22130
-65.70630
-60.71960
-63.92500
-39.12320
-59.83300
-56.20030
-66.02450
-90.76530
-33.23020
-64.00510
-41.16310
-37.72360
-76.41390
-76.45210
-49.08900
-56.48400
-62.30410
-25.23440
-61.71490
-67.86130
-53.38050
-80.62440
-60.07530
-65.30990
-64.94910
-70.82770
-38.88020
-54.32450
-66.35080
-71.80530
-67.57030
-36.96230
-81.39670
-73.12100
-77.25280
-20.79870
-59.96690
-62.47380
-50.67350
-67.93740
-52.88300
-32.58130
-30.11280
-63.15200
-49.63850
-59.46670
-70.93210
-49.49630
-64.40800
-52.03130
-59.23540
-53.16490
-53.33560
-53.21950
-51.16420
-60.09580
-70.52890
-47.45170
-52.72620
-68.38730
-67.52230
-86.49340
-64.14160
-56.57080
-62.63290
-54.22260
-78.08830
-61.98830
-72.57820
-57.14010
-58.82410
-67.69180
-58.08500
-64.06600
-63.83780
-53.89580
-68.30740
-64.23510
-58.97360
-76.06490
-60.49850
-69.08900
-56.51850
-84.10450
-71.59020
-81.71250
-50.84650
-65.53510
-83.30920
-75.19100
-63.60490
-49.10670
-49.48880
-74.20800
-63.42360
-50.85220
-88.64250
-53.04980
-43.40060
-83.88110
-55.35820
-49.90000
-45.17040
-62.92880
-69.64610
-85.58900
-42.72670
-55.53280
-36.38640
-73.25950
-75.85230
-55.87830
-48.27490
-56.07360
-55.24740
-92.28540
-45.98890
-53.07070
-56.20980
-78.57050
-54.25340
-37.48560
-55.63230
-65.85730
-61.42880
-59.28330
-75.65430
-57.82280
-54.36720
-56.48740
-58.26240
-53.94590
-39.87840
-44.19690
-59.14350
-69.54480
-53.13950
-77.66220
-46.14290
-68.13810
-76.97240
-80.85740
-67.19060
-72.59050
-73.20590
-85.27310
-65.73990
-75.01150
-47.13190
-53.08880
-44.18410
-46.34330
-75.60680
-50.08610
-54.18930
-69.83230
-69.27250
-63.91440
-58.69280
-60.03720
-68.23350
-51.78420
-28.57090
-42.32840
-78.79480
-35.97050
-79.92080
-38.82280
-57.17550
-59.78020
-30.04830
-72.39350
-42.94970
-61.44430
-80.32750
-81.52700
-55.17260
-59.86390
-50.46730
-19.78610
-56.42190
-49.54040
-55.74480
-74.79870
-79.14890
-79.09600
-69.12720
-53.07580
-55.17550
-50.38310
-52.94530
-48.21430
-31.91410
-57.90100
-73.14090
-47.54680
-41.36680
-76.49340
-62.95290
-55.81600
-53.92520
-74.67910
-44.53290
-51.36060
-76.22660
-42.49930
-61.55840
-75.76210
-71.57050
-84.50010
-65.80920
-69.29120
-77.41420
-62.54960
-66.40770
-43.67300
-62.17500
-48.61970
-71.70580
-55.93650
-70.25400
-44.08120
-60.19820
-57.44750
-57.48870
-49.13000
-79.20750
-55.47810
-38.73160
-63.60920
-61.16260
-61.26850
-61.27990
-71.16800
-64.09420
-77.29060
-62.97470
-68.69780
-55.44430
-54.28480
-50.25590
-38.69410
-74.00220
-45.91150
-39.81120
-58.35130
-43.51150
-52.61720
-62.84160
-73.00930
-70.21950
-78.88940
-38.26300
-59.27340
-77.32470
-49.05180
-70.22220
-45.23930
-67.05910
-63.48820
-77.16110
-51.53590
-74.35310
-75.12480
-79.00890
-60.72020
-79.43580
-69.60850
-60.16190
-40.55550
-55.01950
-71.97330
-45.97600
-43.21780
-63.31650
-75.85160
-79.93620
-55.90400
-56.72700
-70.42420
-34.11700
-35.30960
-65.81780
-51.10380
-81.42320
-33.67110
-55.95470
-62.05490
-70.29000
-83.09440
-64.41980
-62.20050
-66.48240
-81.42140
-52.69370
-59.33970
-78.04060
-56.72890
-69.14410
-66.85430
-55.38740
-54.06400
-58.49840
-64.57370
-58.75320
-61.15910
-50.54750
-63.71490
-67.79960
-51.16450
-55.78110
-47.60190
-41.99470
-46.73690
-51.51740
-55.59870
-69.34130
-67.58410
-60.80370
-69.39450
-41.76140
-84.42070
-49.49030
-71.04130
-64.60370
-49.71660
-79.24690
-37.50080
-45.27530
-39.47890
-36.93810
-72.06960
-63.09200
-68.30450
-44.11530
-46.80780
-66.74780
-74.41760
-50.18700
-65.93530
-55.75600
-68.51980
-73.88760
-54.86620
-55.71660
-47.06420
-50.90370
-29.06600
-92.59500
-64.18160
-85.23580
-51.89220
-71.04200
-67.92440
-55.53610
-60.22860
-81.27910
-59.19880
-69.36870
-44.86580
-65.47690
-56.74610
-86.53730
-45.92360
-55.61010
-61.80220
-84.40950
-37.83390
-66.97940
-51.66430
-65.98860
-47.34820
-51.44440
-64.62500
-53.99740
-45.10350
-62.00730
-46.39440
-47.11090
-64.69820
-68.59100
-49.79220
-74.82430
-45.13120
-56.64230
-67.22920
-36.60580
-70.37070
-82.56870
-64.17270
-62.80540
-76.96490
-41.84290
-43.99650
-68.11820
-65.98860
-82.33660
-50.70760
-62.06400
-68.11800
-90.77990
-52.48040
-70.65800
-50.11170
-77.22920
-57.12280
-64.60710
-40.45610
-32.81620
-58.70020
-62.87480
-55.69510
-80.58270
-46.92420
-41.29740
-67.63770
-51.22180
-55.01200
-73.42490
-62.13040
-50.30000
-62.28890
-82.87940
-53.30080
-68.97780
-46.06110
-65.38150
-72.22400
-69.62850
-56.88270
-80.97010
-60.59250
-70.65150
-72.79340
-70.52460
-55.07440
-54.41860
-64.11900
-67.19770
-57.65430
-63.12260
-56.36160
-53.85560
-70.01050
-53.02610
-54.50460
-68.95420
-91.88630
-60.92600
-66.62520
-70.26770
-73.91600
-68.85730
-43.21910
-47.20400
-58.22040
-52.57110
-44.32740
-51.44240
-43.35680
-63.84590
-54.82970
-70.19070
-63.89900
-79.91670
-62.99010
-68.68770
-40.41740
-50.48350
-47.49870
-37.45960
-75.10420
-63.64710
-56.59090
-63.59450
-50.88040
-62.19700
-43.02250
-45.20840
-45.23310
-66.20290
-69.40900
-53.29240
-86.00500
-85.17140
-58.40020
-55.78400
-39.27320
-53.63740
-61.85900
-36.24720
-65.00060
-43.30220
-40.43300
-42.59150
-77.01670
-37.42180
-73.88730
-62.30410
-65.64040
-63.44710
-73.15820
-72.51570
-62.16410
-60.42860
-48.04210
-61.59780
-58.26560
-86.63210
-73.79240
-82.38720
-66.91620
-76.84230
-43.91580
-55.17430
-84.66900
-81.08890
-83.69840
-10.05060
-47.50500
-51.72110
-55.32700
-45.72310
-60.72330
-51.00540
-61.36050
-63.03040
-54.98450
-79.33000
-73.44130
-39.26110
-56.88400
-64.50040
-91.68890
-53.16960
-54.08880
-63.42510
-73.41400
-63.08080
-45.46850
-73.34710
-60.40030
-27.61210
-53.56530
-49.92810
-38.87050
-58.39240
-56.97550
-43.94590
-45.77380
-60.48240
-51.15330
-58.01710
-52.44280
-64.19530
-58.00450
-64.72860
-93.90350
-57.56560
-61.62850
-53.91140
-57.46740
-62.07160
-75.99210
-61.17690
-60.28170
-77.97240
-68.73420
-49.99360
-63.75810
-52.27910
-33.90530
-73.88040
-88.13130
-65.93400
-59.69970
-49.83430
-71.20450
-65.98730
-54.97550
-44.10970
-66.73680
-64.36810
-58.13930
-59.58480
-74.48340
-42.13600
-56.75360
-43.98080
-79.86790
-85.86460
-67.25990
-73.30070
-81.24600
-37.58560
-64.03190
-76.54230
-51.64650
-77.16930
-62.54370
-57.89450
-54.75230
-75.17050
-74.25710
-45.92190
-68.60240
-62.41540
-79.63790
-66.35090
-59.44390
-54.85500
-66.81710
-54.96090
-56.36020
-39.62430
-58.18750
-51.46050
-65.16370
-67.60430
-67.48380
-36.27150
-28.48190
-87.15670
-42.49260
-46.73930
-69.64360
-67.50840
-74.17720
-78.83210
-81.19050
-83.80240
-47.43710
-57.83950
-64.46470
-48.71130
-60.10330
-54.98290
-68.09980
-67.99230
-70.84040
-76.89340
-43.76060
-75.10270
-51.91000
-54.12330
-83.61650
-73.27380
-66.48940
-77.53960
-66.93190
-75.93850
-61.19890
-62.52980
-64.31070
-69.21100
-32.48110
-47.14700
-54.44390
-45.65520
-76.16570
-59.54060
-64.69660
-29.78860
-86.36260
-84.26810
-62.07930
-22.30070
-64.85570
-79.42000
-57.28950
-62.73680
-69.94520
-48.65760
-46.26000
-69.11410
-47.72470
-44.81740
-54.14170
-58.27690
-51.48450
-46.65730
-71.15360
-57.21480
-63.66510
-67.22020
-68.00180
-61.58300
-62.94880
-55.34900
-78.10540
-74.45890
-80.46450
-75.54380
-66.95100
-77.08590
-80.53400
-64.32070
-51.16180
-74.57810
-69.81060
-62.15710
-56.91270
-72.99830
-51.93010
-72.04600
-77.59090
-79.45380
-53.70630
-66.74130
-47.79060
-53.23750
-51.47440
-84.61710
-90.14080
-31.56830
-56.29640
-68.12150
-35.05140
-75.56840
-60.08290
-70.80610
-73.15790
-77.25290
-69.15950
-77.93460
-70.47640
-66.73850
-63.51200
-58.25180
-36.97720
-44.27970
-59.07990
-72.22800
-75.84640
-51.73830
-55.68400
-62.38350
-74.59250
-70.99550
-82.93440
-68.06560
-58.44340
-44.88330
-81.53530
-48.68160
-66.81990
-31.54770
-55.85040
-59.58050
-60.58340
-60.21840
-52.73740
-62.63820
-51.95940
-38.47560
-62.98990
-44.45480
-41.76150
-69.94210
-44.28690
-53.48670
-71.72650
-74.97540
-68.25770
-88.26980
-71.30380
-65.76200
-64.50540
-83.65920
-70.27950
-69.12760
-81.17650
-83.57510
-51.56840
-66.08560
-60.09790
-49.91880
-53.13300
-62.43470
-70.21130
-50.02520
-57.94690
-50.58300
-59.12640
-67.20660
-64.15210
-76.02560
-73.82520
-69.28150
-69.61620
-68.33230
-47.33550
-86.06970
-69.13500
-51.49540
-55.18520
-52.59840
-54.12230
-55.20380
-53.79280
-61.39730
-62.29370
-50.44230
-70.38660
-60.71260
-64.11710
-70.19290
-47.16010
-48.54550
-67.84510
-58.46430
-58.45360
-68.95260
-71.47590
-65.85000
-59.83350
-69.08660
-51.47980
-79.47910
-64.40730
-60.42940
-77.67330
-64.88240
-47.21060
-57.27620
-48.59700
-75.99350
-50.31170
-79.20080
-39.04510
-68.62800
-65.88250
-65.51880
-66.81270
-41.10810
-60.96030
-68.18710
-75.05370
-55.86460
-68.79740
-34.21230
-65.04320
-57.50420
-77.57630
-61.89560
-55.83380
-74.65920
-50.08050
-72.22210
-57.79900
-64.79910
-65.07510
-56.89420