12.11960
11.78370
11.17780
10.80440
12.13040
11.31800
10.39300
11.88930
12.71220
11.55180
12.65610
12.38450
11.49390
11.74730
11.62110
11.86870
11.93590
12.74580
12.25730
13.49370
12.04030
12.18520
12.12810
12.57990
12.03770
13.39550
11.70770
12.15550
12.56430
12.09500
12.12480
12.68370
10.96900
11.97890
12.30060
12.68900
12.23670
11.25600
11.26590
11.40290
11.22950
12.66170
11.52260
12.44400
12.26540
11.94750
12.63310
11.47030
12.87410
12.63300
11.40440
13.45090
12.57890
12.10590
12.62080
12.58430
12.97830
11.16380
11.06040
12.39700
12.41150
11.35950
12.87060
12.03380
10.14840
10.53350
11.12160
12.85120
11.34170
12.50750
11.76490
10.69250
12.12080
11.12120
12.77920
11.61140
12.67270
12.04950
10.90990
12.14480
12.09650
11.60190
11.44290
12.42540
11.97020
11.51810
12.61210
12.69910
12.48770
10.44990
12.11980
10.82050
10.79840
11.48380
11.87450
11.64910
12.26470
12.77380
11.23570
12.48750
12.64880
11.93860
12.37230
11.77480
11.91240
11.87400
12.80880
12.29850
11.93600
11.97270
11.91640
11.28870
11.53910
11.85090
11.91420
12.40170
11.04330
11.71800
12.34340
10.56270
12.95700
11.96240
11.81770
11.61930
12.80370
12.05620
12.20380
12.09140
12.24660
12.79820
11.88690
12.76770
12.63130
11.75760
13.04720
13.01900
13.59310
12.47750
13.26150
12.55180
11.06100
12.35180
11.91700
11.91380
12.12070
12.11920
11.64950
12.48650
12.47360
12.16070
12.71900
12.11530
11.84980
12.48790
11.62940
11.68780
12.52520
13.13330
11.94940
11.75540
11.09370
12.38830
12.33840
12.72950
12.03460
12.29240
13.09540
11.50980
11.26230
11.89570
12.34390
11.99900
12.52620
10.88050
12.65810
12.29360
10.89350
12.56420
12.36410
12.27410
13.21340
10.97330
11.75670
12.39460
12.09370
11.64350
11.56800
11.93240
12.03670
11.56520
13.15220
13.04050
11.14790
12.03380
11.65860
12.20760
11.85670
11.79430
11.60990
13.02600
13.09000
12.77670
13.14110
12.33760
11.43300
11.11550
11.80960
11.46600
11.90240
11.50900
12.08310
12.60890
11.50860
11.99160
12.65670
12.55680
12.37110
12.01810
12.33480
11.20510
11.81780
12.24230
12.82560
11.62180
12.73330
12.61380
11.49290
10.73710
11.72780
12.80220
11.19220
12.28900
12.39830
11.96870
11.40370
12.09670
11.35640
12.28670
12.16320
11.68260
11.12020
11.68850
11.34180
12.05800
10.82780
12.17550
12.71020
11.57770
11.75560
12.02450
12.36620
9.971760
11.12090
12.06780
12.38320
11.47380
13.15830
13.75860
11.97710
11.23060
12.47950
12.38020
12.04350
12.09170
12.97570
11.70060
11.91470
13.25200
11.58640
11.15680
11.99840
12.36490
12.47990
13.81850
13.20350
13.29610
13.25120
11.64780
11.06940
12.77210
13.25070
12.18420
12.45730
11.39910
11.98840
12.16290
11.20260
12.35820
12.02110
11.64130
12.89840
11.47240
12.63360
11.53810
11.40550
12.19800
12.14560
12.70320
11.31360
11.48130
11.53340
11.71040
12.22160
12.91980
11.76030
13.15100
10.95160
10.22790
12.66070
11.04880
12.78880
10.79060
11.22050
12.12710
11.88060
12.28310
12.53920
12.08500
11.92700
12.06770
12.49000
11.31380
12.62160
11.43880
11.58880
12.07630
12.77590
11.90830
10.88070
12.79480
12.18720
10.75930
12.22190
10.56150
12.19610
11.79790
12.13340
12.58790
12.89800
11.73570
12.07080
12.48870
12.06330
11.95790
12.32050
12.28890
11.98210
11.89120
12.48020
12.62890
12.82140
11.38900
11.25580
11.84060
11.00410
11.43340
11.92000
11.53860
10.12530
11.49270
11.73380
10.69330
11.21570
11.99810
12.80640
11.86260
11.94410
11.62770
13.16350
12.74110
10.59260
11.28850
14.14910
11.83590
11.89230
11.50460
12.44010
11.17500
12.24870
13.44180
12.90960
12.13230
12.06140
13.12710
11.06690
12.44630
11.63100
10.73030
12.11620
12.18450
13.16220
11.68250
11.14420
11.80690
13.26420
12.76650
12.04430
11.27150
11.87760
11.61470
12.58500
12.25120
11.87600
13.37340
13.03270
10.95490
12.71850
11.90430
12.53340
11.86370
12.57380
12.03790
11.36920
11.07610
12.41560
12.48790
11.30190
11.61040
12.19910
12.83550
12.61620
10.50530
12.00450
12.79950
11.83100
12.60860
12.32090
12.26140
11.86580
10.92730
11.80330
12.52730
13.94200
11.30640
13.16910
11.32590
11.98150
12.60820
12.78000
12.37640
12.49230
11.43650
11.67060
12.02050
11.31200
11.73130
11.49050
11.58580
11.53680
10.44930
13.31240
12.49590
11.32570
11.64340
13.25330
11.34090
11.54850
12.58710
11.78780
12.48520
12.27070
11.96200
12.61120
12.27020
12.06170
12.56410
11.78920
12.54880
10.81210
13.08290
11.44730
12.28100
12.07160
11.71740
11.68800
12.24860
10.49040
11.43420
13.31230
12.82990
10.29410
12.75750
10.20220
13.15210
12.59300
10.92190
11.17660
11.83370
10.77610
12.13400
11.05490
11.78630
12.44150
13.13760
12.46070
11.81620
12.03350
12.87360
12.49970
11.54010
11.28890
11.28100
12.95130
12.79720
11.38670
12.71120
12.00380
11.28520
11.75360
11.78570
10.98430
12.31060
13.09790
12.51060
12.35090
12.30900
11.74630
12.91670
10.43770
12.12180
11.37100
11.17180
10.95060
11.68910
12.24440
11.06220
12.03850
12.20330
12.66430
11.80760
12.50250
12.23650
12.28260
12.52390
11.60360
12.37140
10.95200
11.89000
12.24140
12.35500
12.08960
11.94460
12.52150
12.23060
11.43930
12.51350
12.15540
12.41440
12.70030
12.29710
11.40700
10.70280
11.17880
12.03540
11.56750
12.45980
11.79290
10.97740
12.69810
12.12470
10.02110
11.55390
12.09880
12.25520
12.60360
12.86390
12.22330
11.35790
13.10380
10.98670
11.16770
11.89830
11.94810
12.23060
12.04850
11.85290
10.78380
12.64580
12.67540
11.91050
12.66550
11.84750
12.60790
12.13670
11.61270
12.31290
11.67180
13.50850
12.50870
11.19770
11.93620
11.34400
11.65100
12.04960
12.27900
12.20660
11.79900
12.70940
13.31870
11.93690
12.62940
12.71520
11.19580
11.45110
11.55850
10.64540
12.10320
10.35490
11.88600
11.58560
12.40390
11.86170
11.91640
12.02660
11.88040
11.74300
12.76180
11.29520
14.22290
11.98600
11.96170
11.50120
14.15830
11.44170
11.82400
12.05800
12.36350
12.85900
12.38620
11.92690
10.64830
12.21070
11.27580
11.76600
12.07210
12.59290
11.24210
12.17180
12.05530
12.37410
11.64770
12.66220
11.55920
11.14030
12.54400
11.01950
10.53240
11.68310
11.50740
10.66100
12.17800
12.31500
12.64540
11.55320
11.47550
12.40260
11.62370
12.66710
11.50180
10.57570
11.57740
12.44460
12.42410
11.01390
11.46140
12.00060
12.12740
10.89920
11.53730
12.75720
11.26060
11.91390
12.70990
11.17750
12.02140
11.60610
13.21410
11.19480
12.82620
12.85400
11.12190
11.25850
12.23040
12.76540
12.13990
10.98030
10.77470
11.70100
12.14260
12.85220
11.13560
11.68490
12.11600
11.92640
10.28300
12.67410
11.46990
12.97900
12.67090
11.78620
12.50420
11.41080
12.36130
13.21970
12.59460
12.27750
11.26300
13.33720
13.40860
12.46040
10.80000
11.15510
12.47570
11.54010
11.42520
11.37160
10.67970
12.61300
11.98700
12.13660
11.24520
11.51330
12.72450
11.08200
11.33830
11.85610
12.14140
11.26280
12.03270
13.18340
11.64340
11.41050
11.51360
11.08780
10.86470
10.98850
11.93180
14.00300
11.86800
13.76700
12.03390
11.94460
11.92890
11.07540
11.55540
12.93290
11.93340
12.85990
12.17420
11.02330
12.13200
12.35480
12.53120
11.43100
12.24470
12.37600
13.38750
12.07570
11.01230
12.10340
12.58370
11.17120
11.03780
11.80160
12.63030
12.82150
12.77470
11.38680
12.79670
11.38940
11.33000
12.14790
11.43670
12.08780
11.99220
11.62310
12.88070
11.57860
11.40170
10.36430
12.27810
12.07270
10.91010
11.45820
12.09620
12.46570
12.32850
11.56600
12.70380
11.94290
11.92920
11.32830
12.58030
13.08960
11.77680
11.56550
11.79120
11.82070
12.11160
12.23610
12.37590
11.39300
11.67690
11.33320
12.42580
12.04810
12.25590
12.08430
12.38900
11.33340
12.06620
12.29240
11.44830
12.61860
12.63980
11.37980
12.60570
10.96890
11.81100
12.52250
10.91790
11.73070
10.54020
12.18050
11.97780
11.29610
13.14880
12.16710
11.85270
12.05910
11.34000
11.75240
12.07350
11.46160
13.43930
11.27370
13.27890
13.00690
12.44430
11.94580
11.58150
12.36470
11.76370
10.17140
11.58040
11.99960
10.81420
13.34150
11.35010
11.40440
11.85340
10.79960
11.72950
11.53200
12.15100
11.45510
11.36700
13.76980
11.61330
11.68150
12.56830
12.10780
12.53930
11.59360
12.03840
11.57010
11.12860
11.31070
10.73520
13.20800
12.24960
11.00260
12.08950
11.82390
10.82350
12.59760
13.00540
12.46600
12.12460
12.14440
12.83720
12.64380
11.86600
10.68950
11.42260
10.70280
12.73980
10.51270
11.06970
12.64880
11.37030
11.82620
12.22910
12.51870
12.51570
12.39040
12.71310
11.31290
11.69020
11.10430
12.76140
11.73220
13.48300
11.86350
12.87510
12.28700
12.14980
11.30710
13.51020
12.76980
11.80750
12.15780
12.18890
12.45780
10.97030
13.00450
12.90700
12.18000
11.41840
11.88380
10.62170
11.30050
11.27890
13.04580
10.89790
12.29600
11.81770
12.72340
12.07590
12.55480
12.44410
12.83610
11.77130
12.37000
12.30970
10.71930
12.58760
12.11270
10.78530
12.33640
12.25210
11.88460
11.62260
12.56230
12.92560
11.61780
11.00950
11.66200
12.43030
11.22380
12.36110
13.27570
11.06130
10.54110
11.79930
11.49150
11.74660
11.19310
12.82250
11.51620
10.27750
12.06930
11.34820
11.87390
12.76440
10.94620
12.45030
12.65260
11.41120
11.34300
12.32880
11.84200
12.88240
12.53730
11.62950
12.57650
13.23290
12.55240
12.42000
11.78690
12.01810
11.87550
11.79520
11.50730
13.15110
12.04050
12.08320
11.56180
12.84440
12.82190
11.96920
12.14720
11.90590
12.01700
11.04080
12.87500
12.23090
11.54800
12.32300
11.59600
11.06430
13.24250
14.00960
13.00870
12.18930
11.54850
11.44390
11.63550
12.00100
11.79430
13.48040
13.00610
11.32490
11.69040
11.90720
12.81080
11.80260
11.69620
12.76310
12.02190
13.19870
12.69050
12.00060
11.87840
12.87660
11.95930
12.28890
11.99480
11.84510
12.25440
11.98850
12.83130
11.54990
11.71540
11.88090
11.93500
11.63690
13.02870
11.91160
12.55400
11.87720
12.08210
11.11380
11.94350
12.45610
11.29340
11.45630
12.79880
11.19660
11.48570
11.45470
13.33120
12.56730
12.45070
12.45450
11.79190
11.98530
11.28940
11.53440
10.52200
12.19800
11.11540
12.67700
12.73770
11.63950
11.44120
10.72540
11.96530
11.22640
12.10650
13.01580
12.43890
11.07190
11.91090
12.48520
12.15910
12.67430
10.76440
13.98480
13.08130
12.53420
11.38560
11.80080
11.67460
13.06770
11.10440
11.50740
11.38990
12.44140
12.11970
12.33300
12.41620
12.19940
12.36890
10.68140
12.74320
11.29300
11.01510
12.18250
12.23670
12.86920
11.32400
12.32420
11.32050
12.15870
11.87500
11.67230
11.74300
11.55330
11.90430
12.26950
11.79190
11.38730
11.99700
12.36210
11.59620
12.01440
10.59200
11.95560
13.29300
12.49870
12.94840
12.31970
12.35780
12.65490
11.76460
12.32000
11.75300
11.53750
11.75860
12.25930
11.60050
12.19610
11.50260
12.96250
12.15700
11.17190
10.59420
13.15250
10.87230
12.24900
12.02660
12.73490
11.76270
11.36040
13.46700
10.91720
11.49060
12.09350
12.49310
11.25390
12.35670
12.57670
11.45290
10.65880
12.18390
11.30390
12.47370
11.70930
12.68240
11.93530
11.31220
12.06950
10.55120
12.15200
12.04670
11.59070
11.43720
10.72930
12.71920
11.97310
11.85050
11.87980
11.85810
11.51360
12.39450
12.42200
11.64820
12.25800
12.20030
13.19060
11.00970
13.37150
11.14990
13.72480
11.68260
11.75970
12.81740
12.04380
11.95990
11.98910
12.46520
12.58470
12.79500
12.19890
11.00410
11.26350
11.54580
12.48180
10.91890
10.29710
10.70770
12.20300
11.24690
11.93320
11.10500
11.64340
12.44530
11.89930
11.25360
11.54440
12.20700
12.65260
11.28110
11.08110
12.20730
10.59260
11.17590
11.42500
12.06130
9.829270
12.47220
12.75490
12.04690
11.56700
11.69740
11.00610
13.00200
11.82930
13.18740
12.71210
11.94270
12.42260
9.972790
11.88630
12.22050
12.37620
12.68360
11.10710
11.22570
11.78510
12.26270
12.46480
11.43060
11.23000
12.38360
11.55810
11.96200
11.81610
11.69840
12.88520
11.41370
12.32470
13.14430
12.19720
12.82680
11.64590
12.76200
11.74680
11.43540
11.86880
11.60380
11.90670
10.61300
11.94980
11.95910
13.01510
11.25120
11.08630
12.17200
11.79620
10.74850
11.27370
12.97600
11.70660
12.20080
10.65460
12.36990
11.22340
12.77170
12.11660
11.21790
12.85970
12.47230
11.56950
11.12460
12.94240
12.77540
11.48010
12.97440
11.58380
11.05160
11.38330
12.42550
11.54030
11.62620
12.65850
11.66340
12.41970
11.79850
12.73270
12.54840
12.28330
11.30950
11.87640
11.59770
12.59890
11.35530
12.67930
11.01380
11.59380
12.49800
11.26830
12.33320
12.46290
12.45030
10.82170
11.42990
10.93850
12.21570
12.14710
12.53520
13.08050
11.25840
12.24200
11.06300
11.66290
12.46760
11.29880
11.73880
11.64280
12.41970
10.49750
12.85280
11.53510
11.94270
11.22830
11.91300
12.01680
11.56700
11.74000
13.56730
12.18080
11.47310
11.20160
12.20100
11.97830
11.80990
10.43490
11.16980
12.62000
11.89630
12.05770
12.05790
11.23440
12.15890
10.57250
12.23050
11.67440
11.36840
12.10730
12.95020
11.33970
11.92950
11.44730
12.16060
12.11280
11.90650
11.08910
11.89980
12.20640
12.51450
11.46390
11.19900
11.68160
11.94160
11.94190
12.45070
11.70870
11.48520
12.48570
13.17440
13.36850
11.59320
11.94850
12.87560
12.07100
11.41650
12.23740
11.78970
12.47810
12.01480
11.60790
12.15290
12.97500
11.70130
10.33440
11.91950
12.48520
11.64200
13.03440
12.30680
12.05530
11.11710
11.44820
12.12180
13.22210
12.27970
12.85480
11.42000
13.21690
12.51620
10.81580
12.79370
12.18140
11.17660
10.96240
12.20280
10.71380
12.85740
11.71610
10.55060
12.82460
12.18540
11.86220
13.49430
11.97360
12.38210
12.51790
13.05690
10.82880
12.97230
13.51270
10.96630
11.21480
12.20020
12.10520
11.69860
10.83710
11.33630
11.58620
12.43630
12.29830
11.72380
11.24360
11.43590
13.21960
11.06060
11.23450
11.64170
12.58380
10.93420
12.00930
12.65440
12.11210
11.69450
12.87710
13.09850
12.70850
11.52050
11.10250
11.00910
11.76000
12.08300
11.58290
12.11060
11.80490
10.47930
10.64990
11.98520
11.30490
10.75470
12.04040
11.44310
12.30310
11.83390
11.70760
11.63140
11.09890
11.78280
11.80500
10.35920
12.99810
12.48170
13.17650
12.82360
12.52300
11.82530
11.59250
12.77690
12.14840
11.93380
12.88310
11.86630
11.70210
12.50790
10.91320
12.10800
11.54240
11.43180
12.30320
12.27990
11.75780
11.64190
11.43990
11.37230
10.94150
11.68180
12.12490
11.03530
11.52290
12.25420
12.22430
11.68810
12.98490
12.42490
12.48370
10.43940
12.04020
12.37520
11.57570
11.85630
13.01790
12.10760
11.94190
10.94370
12.83120
11.47790
11.86150
11.94270
11.60390
12.04040
11.67750
11.65030
11.59000
11.16640
11.64600
11.50730
11.46160
12.61710
10.86960
12.09920
10.95110
11.47540
11.04250
10.86350
12.11020
10.84840
12.75730
11.98650
11.85810
11.81410
11.95040
10.64860
12.85810
12.34380
12.33940
11.65390
11.50610
11.78600
12.96280
12.23030
10.72750
11.91300
12.55330
12.32960
11.42740
10.96810
12.55910
12.62930
11.92430
12.98590
12.69270
12.26030
14.08990
12.68680
11.90210
11.86960
12.52200
12.81560
12.77770
12.71030
10.91810
11.95710
12.04970
12.56620
11.29540
12.53620
12.47540
11.25260
11.40880
12.24320
11.63010
10.97320
11.62460
11.59720
11.78240
13.01000
11.82370
10.67830
13.30110
12.47280
9.521850
12.93710
11.70830
11.83450
11.81600
11.79980
11.16350
11.62600
12.76160
11.05860
12.23400
12.04890
10.56520
11.96790
12.39820
13.26720
12.42750
11.84900
11.28100
11.48980
11.58590
12.25090
11.21270
10.51900
11.74300
11.98440
11.72730
11.56160
11.74470
12.86330
12.02800
11.64730
11.86970
11.79050
12.48770
12.15220
12.15440
11.46720
11.46440
12.48000
11.67080
11.59800
12.41410
12.29670
11.96850
11.68990
12.71780
12.66880
12.30440
11.89970
12.60270
12.19620
12.55520
12.61250
12.88010
12.23900
12.00950
12.17540
12.68340
11.09200
10.88320
11.99550
10.31600
11.73380
13.43810
12.50560
12.54920
13.25550
12.26060
12.73350
11.81510
11.61130
12.30000
11.97470
12.29100
11.44660
12.82390
11.55210
12.36190
11.11900
11.43300
11.11010
11.94680
11.76300
12.87820
11.44360
11.47540
13.60200
12.44190
13.33640
13.03210
13.59920
10.73290
12.12530
12.20710
12.24570
12.29790
12.93870
12.31470
11.21200
12.38960
12.49950
12.52050
12.50610
12.14260
13.16040
11.69680
11.94890
11.93070
11.67660
10.69660
11.89270
12.66120
11.86910
12.39000
13.39590
12.31950
12.73290
12.45980
12.24300
11.01650
11.80270
13.47490
12.66730
12.41770
12.16970
11.26930
11.32850
12.32810
12.11160
11.12180
13.10330
10.58770
11.84350
12.18140
12.58770
12.81580
10.57160
13.41530
12.01400
12.40530
11.63520
12.03850
11.88180
13.06160
12.58620
11.34360
12.41510
12.41320
12.17380
12.03510
12.04290
11.57540
12.32360
12.41560
12.64010
11.84900
11.58120
11.44900
11.38760
11.26180
13.30340
11.82140
11.03010
11.44340
11.79680
12.86080
12.13510
12.70710
12.95690
12.41950
12.28580
12.68600
11.99220
12.04660
11.62340
13.24520
11.38430
11.92900
11.75370
12.61090
11.96240
11.93710
11.14840
13.05020
11.51390
11.98650
11.90650
12.20330
12.31030
12.94040
11.90910
12.90800
11.14890
12.67840
11.11310
11.52090
11.14400
12.81740
11.38580
11.85360
11.84430
10.74760
12.51240
11.31360
11.88060
11.35440
12.57960
11.74110
11.36520
11.30970
12.29390
12.35300
12.13280
11.55010
11.53410
11.77020
11.46160
13.05220
11.74860
11.33820
11.95810
11.51090
13.29950
11.09690
11.92360
12.97350
11.88170
11.81300
12.62560
11.56190
11.93630
11.62740
11.80510
13.07070
12.52410
11.63190
11.45680
12.48270
11.86780
11.50480
11.13120
12.43990
12.02590
11.88050
10.87130
11.44980
12.48310
12.55410
11.95030
11.88820
11.18390
12.25410
11.94200
12.25670
11.91190
11.76380
12.42750
12.96800
12.63910
11.67080
11.43200
13.11780
12.63990
12.05390
12.26040
12.13160
11.67670
12.23340
10.63740
11.16170
11.89300
12.78410
11.50160
12.31480
11.72760
12.11800
12.57130
11.50890
11.32730
11.90940
12.74090
11.33980
13.35340
10.93680
12.36140
12.54870
12.34990
13.11890
14.43940
11.01650
12.48390
11.80370
11.53480
13.72100
12.97930
11.69970
11.29020
11.80960
12.31640
12.18110
12.67440
11.67980
12.03230
12.24710
12.19510
12.25710
11.87230
11.17780
10.93330
12.90940
11.48660
10.92060
11.64640
11.69810
12.46760
10.74710
10.87320
12.60630
12.42910
12.38360
12.01870
11.13480
11.68840
12.57260
11.07880
11.77300
12.37870
11.62000
10.46640
11.79000
12.75260
12.68400
11.01100
12.84510
11.09520
11.71900
11.18840
12.87150
11.76720
12.41220
12.41710
11.10910
11.49760
11.54090
11.65860
10.64380
10.96860
10.72430
13.13910
12.79910
12.57230
11.33080
11.29900
11.98670
12.27220
12.09180
12.64920
13.27910
11.88920
12.68680
13.36770
11.94400
11.24650
12.22950
11.71500
12.00320
11.57880
11.37240
13.06820
12.19320
10.91740
11.54370
12.72220
11.92690
12.06870
11.86450
10.98810
11.31400
12.93690
11.69220
10.38250
12.23910
12.45680
10.59940
11.58970
11.27380
12.42090
12.75160
10.88680
12.64300
11.82000
11.93070
11.84800
12.42440
12.84870
11.23600
12.26950
11.78440
12.01190
11.87620
10.86700
11.69410
12.96780
11.55340
12.54180
12.10760
12.47310
12.14810
11.19680
11.95040
11.99850
11.52240
11.51900
12.36990
12.80400
10.20470
10.55570
11.75940
12.40550
12.78900
12.18230
11.52600
11.54170
13.03520
12.20040
12.02760
12.05310
11.32870
12.00740
11.41810
13.16380
11.74610
13.14190
12.03600
11.80590
12.13370
11.77020
11.16380
10.97720
11.15990
11.29960
12.79500
11.15630
11.06330
12.43460
11.59390
11.51750
12.33000
12.13290
12.43970
12.08230
11.61390
11.38970
12.48340
12.52470
11.86250
10.88730
11.74470
12.20600
12.74270
11.97550
13.13810
10.85730
11.99830
12.72730
11.54500
12.37100
12.01440
12.87170
12.68410
12.22400
10.98290
11.86540
12.12010
10.55780
12.40460
12.51320
12.41570
11.81510
11.24980
12.28210
11.38320
12.54090
13.55570
12.70740
11.53630
12.04370
10.87480
11.80660
11.85740
11.21230
12.06820
11.51550
12.16430
14.20260
9.704360
12.24300
12.84420
11.67460
11.63070
10.91000
12.04610
12.31570
12.29460
12.58260
11.28450
12.35410
11.23340
11.93800
11.70670
12.12340
11.42370
12.73650
12.81180
12.76490
11.64540
12.12690
11.59210
12.31880
11.24380
12.11810
11.96940
11.64640
12.95670
12.29690
11.67280
10.73170
13.01030
11.76810
11.81160
12.93690
12.42760
12.19730
13.19340
10.83210
11.46210
11.06770
11.07040
11.12530
12.53030
12.87020
11.65520
12.25520
14.19700
11.44250
11.58560
11.91990
12.14210
12.81440
12.39870
11.85260
11.71230
11.84850
12.99580
12.63600
12.35570
12.81220
11.58250
11.56690
12.19610
11.48530
11.64800
10.95310
11.87110
11.94920
13.06360
11.01280
11.09630
12.83650
13.69550
12.34640
12.36090
12.62300
11.60970
12.85090
10.74450
12.52980
12.87060
12.67920
12.30540
12.18930
12.30120
13.38880
11.87400
10.66220
12.26450
11.50100
11.84460
11.82720
11.74550
12.36560
12.88820
12.76100
13.08290
11.73250
12.76310
11.13270
11.86230
11.76850
11.85660
11.50950
11.78450
11.18050
12.51600
12.33600
12.14110
12.29450
12.61770
11.51000
11.31130
11.70930
13.29070
11.55440
11.55150
12.87380
12.93860
12.43200
12.46450
11.37080
12.53410
12.30060
12.18910
12.78980
11.37100
11.28190
11.34250
11.92510
10.64320
10.66130
13.49760
12.37520
13.21740
11.19680
11.58700
11.83410
11.63460
11.23370
11.90890
11.69990
12.93590
12.61530
12.21780
12.88730
12.46950
11.56070
12.64630
11.70710
10.32920
11.79770
11.30990
12.14060
11.51800
12.13730
12.65540
12.98530
10.34880
12.59110
12.01450
11.91900
11.81940
10.43110
12.24920
11.16700
11.45530
12.77880
11.51310
12.25180
12.40540
11.08820
11.62750
11.72640
11.04020
12.90770
10.94110
12.19490
11.63550
13.86040
11.87120
12.06500
10.59790
12.60640
11.63750
12.00300
12.52170
12.39290
11.64030
11.00770
12.17240
10.99760
10.84530
12.64010
12.32750
11.63920
11.53760
12.29700
12.37860
12.57200
12.57750
12.32670
11.46390
11.32240
10.94300
12.01600
12.02040
12.79560
12.97810
11.22390
13.01880
13.59630
12.43630
12.61250
10.51550
12.51810
12.69040
11.22320
12.22640
11.83290
12.75240
12.50320
11.03560
11.70570
11.76720
12.23500
12.72470
11.37550
12.40240
11.13010
11.83080
11.42760
13.42560
12.08400
13.02040
11.90850
11.08710
11.31820
12.41870
12.56700
12.95000
12.87910
12.58260
11.81160
11.58560
12.07720
12.83510
11.69980
11.82430
11.84130
11.79800
11.64860
11.60090
11.35670
11.16810
10.68390
11.47720
11.85800
12.60310
12.55470
12.27450
12.11780
12.58500
13.17150
10.93450
11.49360
11.53730
12.61980
13.06830
12.14430
11.67230
12.38200
12.43560
12.68900
10.71300
12.00140
12.46860
11.61750
12.37970
12.46980
10.79810
12.05870
12.04600
12.46250
11.71020
11.43950
12.69390
12.27530
12.40560
13.28970
11.75230
11.76170
13.12210
13.18080
13.74830
12.38350
12.18490
11.42860
12.09220
11.13200
12.53450
13.90260
11.64510
12.70340
12.64130
11.17330
10.82130
11.41150
10.70640
11.14380
13.45330
11.44120
12.93820
11.98010
11.99090
12.35500
13.04720
12.30230
11.05380
11.25770
11.97940
11.26550
11.64840
11.41490
11.87340
11.74770
12.06380
12.37890
12.01510
10.02050
12.60310
12.59680
12.19420
12.13810
12.99130
10.81720
12.11840
12.18750
12.32300
13.32100
13.10840
12.04380
12.56940
13.14720
13.27600
11.47740
10.79110
12.88040
11.04190
12.44250
11.79050
10.58760
11.82820
11.87840
12.02860
11.47360
11.60130
12.57020
11.32360
12.40090
11.44210
10.80440
11.40030
11.87920
13.23850
12.80600
12.51370
11.71000
12.15920
12.82390
12.24950
10.88340
13.20540
12.39160
12.87150
11.75040
12.65010
11.02200
13.34420
11.01700
12.40340
12.71820
11.28570
12.72120
11.67550
11.76680
11.24040
12.11640
12.73690
12.07530
11.97240
13.09850
12.64830
11.05660
13.52360
13.25160
12.59500
11.03190
11.52450
12.85990
11.56140
12.42020
11.13690
10.51380
12.88040
11.43730
11.30890
12.14240
12.06880
12.28160
11.91310
12.45030
12.81510
10.93280
13.07580
14.02260
11.95010
11.55530
12.66040
10.92920
11.69870
12.40660
11.66830
11.20650
13.01100
12.00840
12.13850
12.18870
13.39010
12.31970
11.45880
13.89560
10.51880
11.12320
12.29330
12.17800
11.55330
12.29180
12.48040
12.24980
12.54280
10.95430
11.66940
12.78460
12.61010
11.32770
12.36490
11.42470
11.30540
11.82730
10.23480
11.53790
11.80570
12.43490
12.30610
12.56670
12.32130
12.15280
12.71830
11.67460
13.32050
11.87760
11.44660
13.02460
11.66860
12.16750
12.15880
10.85710
10.85560
11.54780
11.34930
11.41960
12.86590
12.31890
12.39460
10.55550
12.30350
11.61450
12.15700
12.44660
11.64160
11.47100
12.12620
11.96880
12.57190
11.83070
12.08460
11.52720
13.32860
12.19680
12.41600
13.04120
11.35720
12.66100
11.90330
11.85450
12.90700
12.37930
11.64820
11.81440
11.66280
12.99810
12.35440
11.59040
12.25660
11.70030
11.59090
11.35190
12.19060
12.52440
12.54000
11.66140
12.28750
14.17840
12.39470
12.94010
12.45950
12.52340
11.87490
12.12650
11.78000
11.79440
11.47600
11.97010
12.58190
11.54080
11.83110
11.68770
12.65090
12.10390
12.35300
11.10180
11.39100
12.74750
11.85140
11.86210
12.61700
11.67860
10.89290
11.84670
10.85400
11.71450
13.05990
11.57700
11.71410
12.86690
10.62020
11.33980
11.67770
12.67300
12.43880
11.82480
11.05180
11.54230
13.34930
11.27700
11.59770
13.47490
12.15960
11.43150
11.93200
11.14270
12.29060
12.71310
11.88120
11.52440
11.91780
11.29320
12.67280
11.69780
11.86510
11.73400
11.77600
11.10790
12.23220
12.82060
12.14200
11.82550
10.44440
12.09250
12.29730
11.65710
12.55210
13.84350
12.17510
11.70750
12.46700
12.27500
12.00400
13.17740
11.44960
11.81680
12.10500
12.20440
12.08240
11.23730
11.78160
12.40300
12.38340
11.19430
11.57050
11.63730
11.23270
10.70950
12.28540
11.02900
12.32700
12.67230
10.01790
12.16040
11.52750
11.88610
12.45650
11.33140
11.17150
10.45930
10.37390
10.83310
11.71250
11.62860
12.11490
12.23670
11.79150
12.21480
12.18090
11.77500
12.88860
12.34670
13.24690
10.97120
12.74030
11.58630
11.63080
12.19750
13.38600
11.92230
11.20260
10.26020
12.60350
12.15760
11.96370
11.77640
12.74450
12.43860
11.99950
11.30400
11.89430
12.07760
12.70790
12.55300
12.26070
13.18020
11.23210
11.71110
12.87680
10.45560
12.54350
12.65780
12.99440
11.99220
11.55820
11.89490
11.48500
11.35630
12.84700
12.27550
13.36430
12.29870
11.57370
11.75120
11.88180
13.09330
11.60960
12.67560
13.27240
11.74090
10.86830
11.88410
10.77390
11.74840
12.71550
12.56330
11.15430
11.29650
11.01420
11.92610
13.04590
12.31410
11.29240
11.65570
11.61230
11.93010
11.83480
12.63270
11.68310
12.18400
12.09570
12.76650
11.33680
11.81320
11.79450
10.67870
11.62360
12.81280
10.56110
12.21880
11.56830
12.33030
11.38160
11.30910
10.98550
11.71010
11.12320
12.53450
11.48390
11.86250
11.08550
11.35370
11.88260
11.71780
10.92370
12.83610
12.12240
11.82970
12.13500
11.35440
12.07700
12.03670
12.50080
12.86910
12.61790
10.95390
12.52740
11.85550
11.91680
10.36090
10.59200
12.10680
12.08370
11.70650
12.36620
12.16580
13.16650
12.11170
12.69200
12.90090
12.14300
12.28800
11.35490
12.62150
11.47420
11.61280
12.35420
13.63150
11.93190
12.13640
12.47340
12.77110
12.72900
11.77580
10.04800
12.17250
12.19180
12.15180
11.70100
12.60920
13.29590
12.06030
12.90580
11.72570
10.67550
11.24300
13.02140
12.32280
12.57450
12.94470
12.65700
11.78540
12.16380
12.28280
10.48020
12.43240
11.00010
12.27090
11.76180
12.89400
11.54980
11.59910
12.12920
12.96810
12.40950
11.49720
11.21420
12.13570
11.86420
10.78280
11.95780
12.18630
11.17450
12.93740
11.47260
11.66330
13.10850
12.63650
12.72290
12.69980
11.66260
11.13220
12.80880
11.39270
11.27120
11.02030
10.91600
12.71810
12.91360
12.64260
11.24820
10.55600
13.43780
11.52680
10.29020
13.28070
11.58850
11.88950
11.92080
10.83210
13.43720
12.84030
11.28840
11.80030
11.60320
10.72790
12.26880
11.92110
11.70300
10.54750
12.49680
12.64160
11.44180
12.43480
12.80170
11.63850
11.80180
10.64360
10.60530
12.85380
11.84300
13.14120
12.06150
12.00590
12.01800
12.51480
12.61840
11.02620
12.37240
12.19150
10.84130
10.88890
12.15550
12.09790
13.13160
10.62050
12.28580
12.48190
12.70190
11.74050
12.36930
12.71950
10.95830
12.64130
11.87380
11.14190
12.08210
12.31700
11.86410
11.36170
12.56370
12.05880
11.92360
12.43320
11.07830
12.01600
12.69070
10.92870
10.45450
11.93650
12.37180
10.74310
10.97490
13.41020
12.37070
10.74700
10.66850
11.06650
12.01120
12.49550
13.72530
12.31190
11.88980
12.37340
11.58530
11.20330
10.87300
12.05220
12.65430
13.01800
11.28250
13.08280
10.79640
11.19900
12.55100
12.22880
12.77120
11.12410
13.00070
11.42590
12.48600
10.44980
12.20290
12.52570
11.64540
11.50630
12.96610
12.92460
10.87530
10.95980
12.37800
11.20960
11.54490
12.61760
12.74570
12.54360
11.05990
13.09030
11.23560
12.07270
11.83440
12.09110
12.49570
12.70370
11.58130
13.06200
12.25230
12.68230
12.05500
12.20290
12.60930
11.85060
11.93080
11.71080
11.35320
12.75380
11.00910
13.01690
12.06840
12.93880
12.78640
12.60670
11.36320
11.24170
11.77530
11.10030
13.64130
11.82600
11.65610
11.09100
10.78990
13.48660
12.08550
11.29720
11.37440
12.82480
11.53290
12.05980
11.45660
12.19080
11.06160
12.93630
11.00350
12.50110
10.45870
13.85800
11.16870
12.98050
12.41080
11.65910
12.74710
12.43700
13.24480
10.23880
13.13070
12.53440
11.81980
12.00930
12.74520
12.43650
11.20420
10.92380
9.813620
11.95520
11.36350
11.39320
13.06880
12.29290
10.82530
12.36870
13.09710
12.04530
12.00210
11.86390
11.56080
11.03310
12.90290
11.22710
12.89040
13.10390
11.64090
11.99050
11.36180
12.66030
12.20340
12.95770
11.71830
12.83650
11.67250
12.79280
12.82620
12.61200
12.14800
11.59870
12.82950
12.45750
12.57630
12.56990
12.41850
12.60300
12.44320
9.806360
12.97820
14.19870
12.00750
11.93770
11.72480
12.80760
12.05860
10.64140
12.34700
11.61320
11.53400
12.08120
11.35800
11.53350
13.14940
13.11110
12.91700
10.27680
12.63600
11.19030
12.15120
11.99060
11.75370
12.32290
11.36160
11.82180
12.78740
11.93370
12.29750
11.59010
11.79600
12.20470
11.82460
10.96220
12.23140
12.34120
12.39390
12.34810
11.09340
12.71090
11.64220
11.65690
12.33790
11.47050
12.11910
11.08350
11.53150
12.24340
11.80030
11.80670
11.34900
12.15910
12.08090
11.75170
10.09650
11.97900
12.02970
12.19670
11.70630
11.71580
11.45450
11.77150
11.61290
13.34880
12.07880
11.83170
11.14580
11.33020
11.44300
12.05000
12.02190
11.58800
11.24520
12.40350
11.61870
11.60480
12.47470
12.17740
12.19340
11.51160
12.11040
10.86590
10.13790
12.11990
11.27330
11.16030
11.35760
12.88540
11.89470
11.36230
11.61210
12.25190
11.29160
11.25650
12.01120
11.61670
11.91970
12.13010
12.08290
11.44110
12.97980
12.26350
11.08670
11.29340
12.63740
12.38400
11.59230
11.96250
12.15390
12.36880
11.28910
12.30440
12.36500
12.71020
11.56500
11.72170
11.03490
12.77910
11.90030
11.45810
12.01730
11.57110
12.66560
10.40890
11.98910
11.66260
12.08280
13.01660
11.21100
11.99730
11.68030
12.32210
12.40770
11.79870
11.42830
11.91670
11.40370
11.33430
11.91870
11.01310
11.83500
11.84840
11.82430
11.51280
10.79720
11.79160
11.58300
12.82570
11.26180
12.93050
13.14800
13.13650
12.07200
12.62000
11.60900
12.59680
10.52600
11.69110
11.27020
13.20350
12.44640
11.37420
12.42400
10.92360
13.02700
13.08120
11.70200
10.99370
12.49170
11.49870
12.59590
12.74520
12.63960
11.50890
12.70920
12.89950
12.89090
13.29410
12.98870
11.97800
11.39330
12.18830
11.80430
12.46440
11.33580
11.17570
11.73410
10.89830
11.81760
11.97330
12.53150
11.62440
12.45870
12.39140
11.73390
11.96210
11.73340
11.31280
13.03100
11.14870
12.13550
12.06060
11.91270
11.89940
12.12460
11.63270
12.23030
12.24860
11.94590
12.84670
11.76850
11.42140
12.43030
10.96930
11.52230
11.77610
12.55950
12.87350
11.74280
12.10000
12.94870
12.32790
13.12680
12.28240
12.62030
12.18700
12.01580
11.32260
12.44630
11.41630
10.82960
12.70710
13.21000
10.97550
12.60260
11.20830
12.45420
12.82550
11.78940
11.41200
12.53380
11.65060
12.77420
12.30740
10.96900
11.68070
11.39030
11.81880
11.98860
11.68450
12.52440
12.40990
12.83160
11.49190
11.17420
11.71830
12.13610
12.38090
12.98820
12.56430
11.79270
11.81780
11.29890
12.54240
12.37700
11.18830
11.70580
11.30090
13.00740
12.64260
12.24170
11.63030
11.74860
13.22990
11.68330
12.94900
11.62200
12.36520
12.87680
12.33210
12.61950
10.61790
10.95750
13.61430
12.14270
13.30170
12.90280
11.69560
12.03910
12.93020
11.06270
11.23560
13.11330
11.04560
11.43360
12.32520
12.12760
12.09210
10.53400
11.90110
11.95990
12.00670
12.85620
11.34940
12.99500
12.48210
10.80720
11.91540
11.68840
12.07870
11.22050
12.27350
12.62350
12.35950
11.11370
13.68200
13.59360
12.04730
12.40890
10.84150
12.06250
13.31010
13.29170
12.58160
12.02940
11.35310
11.38430
11.43420
11.87970
11.76230
11.31050
11.95580
11.56720
11.44470
12.13180
11.64440
10.86570
12.45950
13.08630
12.75100
12.79290
11.79100
11.31760
12.20260
12.52000
12.35180
12.39410
11.57750
12.13260
11.89940
12.88180
10.84280
12.17740
12.00160
12.62950
12.18450
12.08920
12.54520
12.84880
13.17850
11.28210
11.96070
11.64050
11.68920
11.40900
11.46280
12.42190
12.17600
13.82900
11.52790
11.92750
11.42070
11.75510
12.32040
12.72810
11.64770
12.19720
12.17560
11.64970
10.59470
11.86440
11.63920
11.95270
12.00810
13.20900
13.01760
13.05820
12.52520
10.85330
12.32920
12.69930
11.99490
11.91070
11.74430
11.40500
13.90560
12.64170
11.91250
11.88710
11.46910
12.24760
14.22420
12.63610
13.22150
13.16830
12.14690
10.77410
12.25920
11.87200
11.93250
11.99150
11.88070
11.66180
13.17390
11.97670
11.54760
11.65870
11.83050
12.07630
11.65640
11.88450
11.57360
11.90330
12.02320
12.77350
10.80770
11.74350
12.62440
11.85580
12.24130
11.49470
11.43720
11.42830
11.08560
11.65140
11.92710
12.58130
11.05700
12.14710
12.61730
13.22860
11.84100
12.00830
11.89310
10.27710
10.64720
12.68350
11.31320
11.03500
12.40750
11.91490
12.06650
11.74120
12.04110
12.33420
11.93310
12.77480
10.70490
12.37190
11.43340
11.98340
12.62150
13.25970
11.83340
12.09360
11.66920
12.13610
12.25990
11.75060
12.87470
11.70680
11.59580
12.21420
12.32040
12.74500
10.52530
11.83720
11.79220
12.31880
10.49350
13.47190
11.42590
10.56540
13.41420
11.23880
11.66100
11.59360
11.00090
12.58820
12.76730
11.47150
11.67770
12.21410
12.18250
12.69900
11.51490
11.54490
11.46670
11.71070
12.41040
11.55470
11.95260
11.41920
11.53320
11.03940
12.16290
12.64900
11.25020
12.16170
13.91760
10.38920
11.82550
11.21860
12.01550
12.15270
11.56280
12.01980
12.80150
10.91240
11.57120
10.56580
11.99000
11.23770
12.97850
12.82130
12.13850
10.84500
11.07490
12.60180
13.09520
12.29780
11.24910
12.19480
11.55930
11.70580
12.90320
11.85150
14.22050
10.67850
12.16640
11.75360
12.63970
11.96280
11.98460
11.67700
12.70010
12.17840
12.10140
11.61110
10.97250
12.35070
12.45810
12.79870
12.08960
12.22360
12.06580
11.69060
12.88260
11.51330
12.46730
11.05880
13.16240
12.14730
11.13270
10.07660
12.34730
10.76500
10.36220
13.30360
12.51870
11.42900
12.26420
11.58020
11.85380
11.57990
11.30880
11.61310
11.30370
11.83400
13.34050
11.85790
11.47270
11.96010
10.58090
12.33160
11.98990
11.88730
11.22580
12.59020
12.65670
12.21480
12.00750
10.82770
11.71410
11.79150
11.49490
12.14230
11.55420
11.25840
12.62630
12.12820
11.78220
11.34350
11.13680
12.80460
12.17070
11.89440
12.01860
11.80940
11.44480
11.77770
12.02150
13.28770
11.42970
13.14650
11.42140
11.29250
10.85600
13.08930
12.12610
11.78850
10.78510
12.89800
11.99610
11.00270
12.12530
11.80330
12.61320
10.72820
11.77140
10.93340
12.45480
11.58960
11.46170
10.92330
10.41140
11.83540
11.14660
11.55670
11.45050
12.21240
11.79390
12.28280
11.57670
12.34530
12.71690
12.67160
12.54150
11.83830
10.93530
13.07890
11.20320
12.08060
12.42440
12.41560
12.31600
11.89880
11.54660
12.02330
11.96710
11.39030
12.11560
11.60420
12.03760
12.40380
11.22580
11.32450
13.29040
11.04280
11.91240
12.02080
12.24320
12.32520
12.54550
12.55700
12.35570
11.40240
12.32610
12.16100
10.94240
11.53250
12.94060
12.09640
12.53540
12.09800
12.17620
12.14970
11.43360
11.89450
11.19750
13.00470
11.66460
11.61960
12.85120
11.80380
10.77340
11.95990
12.04810
11.47680
12.12820
11.27840
11.04850
11.89440
12.71880
12.15090
11.68400
12.83890
11.76890
12.40300
12.01970
11.78880
10.97130
12.10130
12.13000
11.60530
11.08950
12.64870
11.82250
12.93330
12.24020
12.19940
12.28650
12.13490
11.45090
11.57790
12.17160
11.18500
11.02220
12.05950
12.64750
10.97570
12.31540
11.01660
12.14480
12.48380
12.16630
11.45540
12.54060
10.62110
11.05020
12.50830
11.55910
10.42140
11.63950
11.78350
10.52790
10.71850
11.31530
12.87770
11.46830
12.12910
10.39290
12.44970
12.14650
11.42590
11.98770
12.10030
13.11180
10.84760
10.76950
12.84230
11.16640
13.98560
12.53600
11.09520
12.48850
12.43130
12.53490
12.24750
13.47880
12.23480
11.64650
12.20880
10.40850
12.76250
11.04060
12.57960
12.69840
12.68370
11.88200
11.95400
10.73360
12.68890
10.79270
11.82580
11.84540
12.29800
10.94980
10.85410
12.06190
12.63550
12.32260
11.91510
10.82830
10.79500
12.44710
10.83100
12.15380
11.92860
12.28310
11.27390
11.58960
13.09460
12.71910
11.03150
10.98660
12.33770
11.52440
12.29950
13.04120
11.70070
11.40180
11.20820
11.28450
11.79340
12.10290
11.57120
11.39800
11.85620
12.59220
12.42020
10.68830
12.75600
13.39470
12.38660
12.23080
11.88140
11.02050
11.91700
12.25810
12.71960
12.00230
12.25180
11.50820
11.74320
11.41940
12.68790
12.93440
12.70900
11.81600
11.04640
12.11480
12.22120
11.89260
12.92380
11.98800
12.51580
12.21380
11.41380
11.73310
12.49420
10.96370
11.82930
12.76130
12.38660
11.04820
11.97330
10.07160
12.45470
12.83930
12.98400
13.37860
12.54670
13.11180
11.18810
12.26420
12.06130
12.18320
11.61400
12.27400
12.92190
13.16670
12.46020
12.31620
10.83330
12.12300
11.52320
11.96150
12.10080
11.28430
13.00640
12.87040
12.02150
11.60790
12.55730
12.02190
11.27000
11.60650
11.83490
11.40750
12.15160
13.06570
11.06930
11.73280
11.85240
11.55950
11.97570
11.76740
11.73890
12.64180
10.73860
11.39380
12.51990
9.906070
12.78580
11.71800
12.59840
12.50490
12.73300
10.94530
11.91010
10.99820
12.27420
11.79860
12.40580
11.78700
12.20150
11.78760
11.73650
11.31170
11.09000
11.76200
11.82830
11.85150
11.32550
11.41180
10.95840
11.32690
12.32360
12.06200
12.16260
12.06710
12.41080
12.52330
13.22490
12.32980
12.60380
10.57330
11.99070
12.35160
11.80640
12.49430
11.13520
12.09500
12.67660
12.20230
11.25910
11.20610
11.79530
10.66690
12.33470
11.78380
12.02740
10.91040
11.44920
12.22030
11.03570
11.93220
11.76090
11.09840
12.69450
12.83270
12.26230
11.66060
11.36820
11.22200
11.02400
10.77680
10.35850
11.89050
12.37240
11.37450
12.74700
12.52810
11.86280
11.90850
12.89070
12.48340
11.06260
11.59200
12.59310
11.12720
11.49770
11.13250
11.34580
11.62680
10.85740
12.33560
12.28960
12.00200
12.14610
12.50200
12.07100
11.50930
12.12010
11.05800
11.33210
11.36370
12.20180
11.39200
11.68780
12.55880
11.34360
11.74050
11.98860
12.42430
11.68770
12.65720
11.53570
12.03460
11.95680
11.82290
12.07050
12.78100
10.88840
10.77230
11.28710
12.08980
10.61250
12.76870
11.37840
11.38200
12.14210
10.78790
10.71050
12.94650
11.25850
10.93470
12.79280
12.36720
12.65810
13.04250
11.11780
12.04760
11.56370
11.38610
11.26170
11.73260
13.17680
12.55290
12.16340
10.92110
11.94150
11.75310
12.91800
13.76110
13.38990
11.50000
13.64300
12.86060
11.39420
10.43830
12.69630
11.12690
11.79560
12.35530
11.43000
11.42790
10.79760
11.60610
12.43750
11.61080
12.83440
11.37500
13.55240
11.35570
12.31530
11.44040
11.99260
11.22680
11.18070
11.65270
13.01180
11.25350
12.38540
12.43790
11.76500
11.39620
12.52540
11.71500
11.92040
11.76570
12.64310
12.15860
11.67370
11.64230
13.19150
12.36320
11.54610
12.22990
10.60790
12.15650
11.24370
12.06750
13.23810
13.84850
11.01690
12.21370
11.27470
11.18500
12.46890
12.25420
11.59790
11.18770
11.74740
12.07390
11.14550
13.29180
12.86940
11.69460
12.48710
12.35230
13.18710
11.51010
12.84430
11.63500
12.56070
11.97030
10.80440
11.47070
11.74170
10.87450
12.76560
11.01150
11.37110
12.30340
11.92840
12.05590
12.03610
10.85950
10.86790
12.29820
12.87410
12.26020
12.37320
11.28540
11.29150
12.17060
12.65690
12.22560
12.06320
12.31750
12.51880
11.83370
13.49640
11.66340
12.31900
11.19430
12.36100
11.19200
12.50650
11.31500
10.67900
11.02380
12.42290
12.14930
12.35180
11.14200
12.40460
11.03080
12.28120
10.98370
10.98660
11.86480
11.14740
12.15140
11.21120
11.71480
11.45170
11.09120
12.37330
10.27520
10.89540
11.45290
12.02190
11.35530
12.49040
11.87960
12.47870
12.65570
12.24490
11.39900
10.08810
9.779900
12.90260
11.85180
12.47160
12.25300
11.12940
11.20640
11.75210
12.90540
11.98900
11.41640
11.61580
12.89620
11.69120
13.00350
9.904060
10.90880
11.33250
13.26660
12.99930
12.90160
11.49780
10.80720
12.08710
12.14640
11.48180
12.33450
11.90340
12.69300
12.12980
11.72100
12.09950
12.39750
12.94210
14.29040
11.90580
11.58090
12.54220
11.90190
11.25830
13.28170
12.25710
12.53560
11.47600
11.96410
11.91160
13.80900
10.90540
12.30620
12.52480
10.31700
11.97630
11.42280
11.31530
12.54750
11.41920
11.06070
11.48220
11.48570
11.68600
11.56440
12.57490
11.27330
11.64430
12.26910
10.30650
11.92070
11.36510
11.61210
11.31630
11.76150
12.41380
10.67870
12.50210
12.18040
11.72790
11.44190
11.40160
11.74340
10.65290
11.72740
11.60820
11.16540
12.35810
11.96820
12.11350
10.83910
12.16840
12.30960
12.44500
11.68300
12.66740
11.59740
11.45710
12.48800
10.89430
11.45040
11.08350
12.14880
11.73020
11.63500
11.27510
12.07590
10.86710
13.68820
13.02530
12.01120
12.34250
11.82120
11.73710
11.45310
12.64490
11.09810
12.36470
12.11830
12.09840
12.81820
11.63840
13.34570
11.75960
12.22420
12.05110
12.45390
12.28830
11.34560
11.51040
11.92030
12.33820
11.24050
11.67130
11.88890
11.23260
12.69750
11.52810
12.58500
11.73540
12.71340
12.26630
11.69180
11.49210
12.17940
12.61200
10.48820
12.26530
11.11260
12.72190
12.88950
12.65990
12.20250
11.56140
12.15280
12.43660
12.24510
10.99330
11.46970
11.87030
11.80730
12.27290
12.71030
12.55980
12.92230
12.62580
12.31250
11.76820
12.37800
11.97310
12.61610
11.52910
10.58450
12.74770
12.42880
12.26400
11.17630
12.67920
11.65050
11.93350
11.83590
12.16040
12.59300
12.14540
12.67360
12.24770
10.88400
11.96320
11.37650
11.81730
12.16980
10.03850
13.60380
10.68020
11.67770
12.08600
12.47200
11.47030
12.97540
12.16230
11.16420
11.85450
11.09620
11.63630
12.12290
12.34900
12.81440
12.75090
13.77650
11.99710
11.82710
13.11770
11.14030
12.10610
12.53350
12.32640
12.27230
13.35900
12.28600
12.14970
11.18780
12.57300
12.92250
12.42850
13.12140
11.50840
11.06020
10.88710
12.79800
12.22410
11.55220
11.90560
12.40770
10.88120
11.68550
12.13730
12.72260
12.34360
12.30410
11.28100
12.37300
12.19910
12.43560
12.62290
12.37390
13.38250
11.87450
11.69320
12.66430
12.33080
12.98500
10.82510
11.64250
12.60840
12.33750
11.78010
11.79880
11.07040
12.84550
12.94660
10.98650
11.33030
12.95850
13.30300
12.33980
12.20470
11.94240
11.81820
11.55310
10.94840
12.99170
11.74390
12.00740
12.61180
11.58950
12.04440
11.46210
12.34160
11.47170
10.50670
12.40290
12.02000
10.99510
12.56690
11.95600
10.98090
11.34090
12.12650
11.45250
11.50710
12.02100
13.29770
12.14540
11.87560
12.24140
11.82010
11.30890
11.49660
12.38010
10.55750
11.46800
11.86440
11.49400
11.30840
12.53860
12.09590
13.52280
12.24830
12.38490
11.80810
12.32010
12.56400
11.90890
10.55100
11.91560
12.24100
12.17750
11.16770
11.14520
12.94430
12.21220
12.76320
11.82850
12.30580
11.35170
12.58980
11.99060
12.17400
11.89390
12.57900
12.58030
12.38950
10.63540
11.69200
11.59110
11.14760
13.07420
12.28480
11.64250
12.54490
11.96120
11.13400
12.41620
11.66350
12.67100
11.44790
12.09020
12.58340
12.74690
12.62430
11.80880
10.94720
13.58280
12.32070
11.70670
13.08570
11.07480
12.25930
13.22610
11.90150
12.06130
11.76950
11.84280
11.80060
14.13850
13.06770
12.61880
13.96810
12.84870
13.27630
12.55700
13.65360
12.28370
12.77840
11.88960
11.04200
11.48260
12.07560
11.97260
12.54970
11.93810
12.73610
12.15090
11.29230
11.65400
12.89320
11.76290
11.17590
12.35640
12.38350
9.948140
12.33990
12.94740
11.76150
13.42650
12.52790
12.60340
11.71130
12.84080
12.07710
12.00110
12.04890
13.26160
11.51700
11.31090
12.74640
11.44800
11.87420
10.87940
12.26980
11.26870
11.77710
11.69380
11.42520
12.05680
11.68740
12.44070
12.42130
12.71580
12.60390
11.19130
11.67900
11.32820
12.63560
11.13720
10.96420
11.84370
11.47020
13.16390
11.84240
11.97100
12.74110
12.19280
11.34060
12.50010
12.29060
12.56430
11.20070
12.89750
10.98750
12.59300
13.97420
10.87160
11.46030
12.66840
11.61940
12.01870
11.67660
11.74270
12.06530
12.85550
11.48030
12.05650
12.55130
12.24270
12.55180
13.98200
13.07520
12.82100
13.13190
11.59090
11.84570
11.84490
12.00680
12.11990
12.85680
11.80460
12.51700
12.30850
13.08420
11.50660
11.13850
13.04140
12.23720
12.52790
13.51130
11.34350
10.84330
11.12120
11.84500
11.02010
12.67740
12.60180
12.34290
12.51340
12.17570
11.10610
12.06650
12.62580
12.03500
11.52150
10.94220
12.14990
11.01520
11.10800
12.70110
11.54940
11.43810
11.84190
11.07380
12.67910
11.31990
10.27730
11.92230
11.95480
12.36210
11.88690
11.79150
12.56570
11.44510
11.21950
12.78390
13.21830
12.03740
11.57760
12.03160
12.15300
12.56390
12.26900
10.39770
12.28750
11.69910
12.46010
11.69110
11.68220
11.49730
13.20210
11.59770
12.61550
11.65920
12.12270
13.00510
13.24310
11.41140
11.31890
11.25230
11.28130
12.28850
12.85420
11.93100
11.32810
12.48160
11.28670
11.61870
12.37930
11.81350
10.93840
10.67350
12.91460
12.29550
12.39990
12.21570
13.47990
11.16950
12.65840
11.99090
12.49730
12.79310
12.04340
11.83090
12.97170
12.54580
11.42710
12.25400
12.22050
13.45340
11.58250
11.88330
12.62760
12.01640
12.98680
12.34370
11.59530
12.76670
11.53060
11.08690
12.12500
12.31110
12.33720
11.70370
11.60620
12.20980
12.32770
12.49350
11.30440
11.95760
11.19970
11.95880
12.60770
12.92130
12.43600
12.69840
12.59110
11.93840
11.25910
12.63730
13.35590
11.48010
11.34210
10.51620
12.50520
11.62760
11.79000
11.63510
12.09510
11.36480
11.83320
11.43510
11.99920
11.95740
12.45370
12.36860
13.52510
12.36990
12.09560
12.83160
11.71050
11.75500
10.80840
13.33500
11.73110
11.60760
11.04370
12.39950
12.97810
11.30980
11.60290
12.20850
11.94140
11.94510
11.75280
12.61310
12.75860
10.20970
10.79050
12.65060
12.93200
11.97480
11.22690
12.16090
12.18920
12.24750
12.95930
12.97810
11.80920
12.30880
12.19810
11.42900
12.46800
11.64890
13.15370
11.92290
11.70920
12.22710
11.95730
12.72840
12.51420
12.15140
12.18830
12.60680
12.22000
12.02710
13.05990
13.54170
13.49090
11.12180
12.51360
11.73460
12.71250
12.32930
11.91350
13.12900
10.67990
11.92880
12.02890
10.72940
11.83150
11.56360
11.30730
11.33460
12.85000
13.14870
13.02230
11.96230
11.94340
11.69100
12.82290
10.68290
11.35650
12.53960
12.40800
11.39210
12.01740
11.98300
12.32480
10.60560
12.23190
11.77120
11.94300
12.06460
12.56540
13.30350
11.59530
11.40780
13.00260
11.12240
11.51830
12.89460
11.61520
11.02960
11.60640
10.89370
12.99970
12.27690
12.22120
13.02480
11.34280
11.97560
11.92490
12.11360
11.64910
12.02910
10.83660
11.12280
12.20830
10.89090
12.23640
12.66970
12.38020
12.82710
12.24620
11.86770
13.75230
10.90250
11.43790
11.05990
11.05830
13.28470
11.61640
11.99560
11.41420
12.75470
10.99260
11.58900
11.83510
13.01230
12.79990
11.16410
11.43850
12.39960
12.02410
12.03990
11.82350
11.51850
10.56430
13.07060
11.61240
11.71180
11.43170
12.04840
11.53480
12.09050
11.47710
12.09780
11.84140
11.66060
11.87440
11.91580
11.34140
10.39000
11.50170
12.36530
12.24470
13.42810
12.46710
10.84910
11.00370
12.28640
12.04340
12.28120
11.52870
12.32190
11.68380
11.53140
11.77500
11.91430
12.21750
11.41060
12.21110
11.72520
13.26910
10.94080
12.94900
10.82400
10.48900
12.25450
12.72430
12.09630
12.80930
11.42330
11.55590
12.14850
12.01040
13.05380
11.51320
12.55720
12.87760
12.39870
11.68260
12.44300
11.98390
11.95140
12.50430
11.60680
12.73700
13.13660
12.43720
12.42080
11.66360
11.44380
11.41000
13.17850
12.78800
12.02440
12.64400
11.11550
12.04720
11.64590
11.97110
11.62740
12.59440
11.75480
12.48470
12.10330
11.31220
11.85210
12.37200
11.52430
11.61350
11.48150
12.56550
12.26760
12.62080
11.83060
12.28740
12.29200
11.83880
12.71920
12.41350
12.87050
11.26880
12.15800
11.72080
12.01400
11.84020
12.50730
10.68900
11.67850
12.16760
11.41060
12.39750
13.13760
11.80830
11.99500
13.06160
12.26970
13.30410
12.46500
11.81310
13.31370
11.31570
10.88310
12.93830
11.71980
11.55810
12.29370
12.01290
12.02750
12.23610
13.09660
11.37790
12.36440
12.63950
11.64040
11.81260
12.20580
10.67470
12.25110
12.02760
10.98590
12.52670
11.47240
11.49300
11.96190
11.67120
10.00950
12.90760
12.88600
10.99910
12.07520
12.34140
12.07720
13.11210
10.68610
11.37260
12.27970
12.59960
12.11420
10.91050
12.01960
11.34390
12.34310
10.58700
11.51840
12.04540
12.56120
11.63880
12.83760
11.55470
10.31810
13.13540
11.14240
12.99460
11.75740
11.24210
12.18650
13.71330
12.40490
11.35740
11.35270
12.52340
12.97810
12.68430
11.66890
12.43770
11.65710
11.75860
12.50720
12.46060
11.94270
10.59810
12.27310
11.95130
10.94610
11.47970
11.05830
11.10360
12.21160
11.89400
12.02590
11.70300
12.10470
11.81440
10.76640
12.79190
12.56590
11.43430
12.89260
12.36330
12.63020
12.93840
11.70540
12.37310
11.48400
11.84940
10.59030
10.98380
11.17590
12.39830
11.49700
12.11910
10.72100
13.16340
12.17860
11.71810
10.63650
12.02810
12.24250
11.71150
10.23770
11.30790
10.79640
11.68200
11.76730
10.97540
11.51780
11.37550
11.61220
12.20800
11.21320
12.65490
11.92650
12.85060
11.58310
13.22590
11.18240
12.95390
11.78540
11.76300
11.95760
12.24300
12.29150
12.31550
11.96280
12.33330
12.14620
12.29780
11.12590
13.59180
12.24980
13.48210
12.74230
11.47310
12.83200
11.61520
12.46660
11.75880
12.91520
12.07010
12.06440
12.38380
12.30070
11.20970
12.73570
11.50600
11.89390
12.63710
12.57270
11.80470
12.78770
11.62270
12.71010
12.33840
12.15470
10.36960
11.60170
11.90750
12.88290
12.62640
12.16190
13.33980
12.39860
12.44000
12.05980
12.86220
12.28160
11.85960
11.70560
11.82810
11.55060
11.86150
11.41830
11.65990
11.51430
11.60540
12.12530
13.98850
10.47200
12.99280
12.74480
11.48420
12.78350
11.73360
10.41140
11.73260
12.16030
11.44070
12.04460
11.34790
11.56910
10.98090
11.57330
12.40830
12.40910
10.95330
11.89500
11.89130
11.74130
12.23220
11.43870
11.55850
11.78670
10.05940
11.66260
11.47540
12.71030
12.29000
11.96800
12.20250
11.58780
11.16410
11.41130
12.04720
13.24410
10.65190
12.28040
11.51510
11.60650
12.49200
11.51110
12.59550
11.74890
12.31580
12.05620
12.50270
11.07610
11.82010
11.61850
10.59090
11.91400
12.40460
11.14770
13.74040
11.77400
12.77170
11.85280
11.62340
10.97450
10.80800
12.10960
11.73210
12.81520
11.10800
11.56690
12.22750
11.29290
12.82900
10.80240
11.80520
12.55800
11.81260
13.00020
11.70300
10.77660
11.50980
11.33720
11.58630
12.28360
11.86690
11.57420
11.20010
13.22390
12.20700
11.44300
12.67390
12.84940
11.37880
11.33090
12.01290
11.40860
10.25600
12.14130
11.96770
12.36890
12.16040
11.55580
11.02930
11.45560
11.45560
12.32540
11.88150
13.17790
11.99190
10.84200
11.43560
11.70550
11.63550
12.35640
11.36760
12.06530
12.14320
12.34410
10.81510
11.50690
11.08990
11.46970
12.37890
10.08410
13.16620
10.87800
11.99220
11.68660
12.19640
10.19660
12.26990
11.92800
11.92600
11.73830
11.62410
12.39470
11.62720
11.04330
10.65900
10.39110
12.70850
12.92280
10.76470
10.38410
13.17580
12.26450
11.33300
11.63680
10.52320
12.26080
11.31810
13.11740
11.00940
12.11180
12.04270
11.91050
11.43840
12.77360
11.50170
10.61410
13.05600
12.20010
11.96520
12.45390
11.58640
11.37490
12.05330
11.57080
11.66180
12.47090
11.87850
12.14560
10.56300
11.24650
10.87960
11.72210
11.66140
12.63180
12.45930
12.02970
12.53830
12.56270
11.88830
12.99180
12.25630
12.35920
10.95530
12.69220
12.13750
12.38170
12.31770
11.83730
11.35860
11.74060
11.81800
10.64100
12.40780
13.32210
10.98760
11.47030
12.31160
11.75730
12.17310
11.37630
11.58130
12.37880
12.27130
11.46400
12.75330
13.25580
12.92870
12.10830
11.13000
11.73240
12.67570
12.30940
10.26920
11.85820
12.27760
11.54170
12.06440
11.96090
13.26990
12.07630
13.38630
11.21640
12.18080
12.23570
11.92300
11.83130
11.51990
12.34510
11.61440
12.49530
11.45600
11.29330
12.96350
11.90870
13.22160
11.82630
13.44800
12.50370
10.95500
12.50920
13.53750
11.43620
13.00490
11.88500
11.30180
11.63270
12.06560
13.00410
12.69030
12.17050
12.05670
11.45870
12.17730
12.02270
11.10340
11.45650
12.62800
11.09070
13.10450
12.45120
11.60930
12.85930
13.02210
11.95230
11.59130
11.00310
12.03500
12.33790
13.45380
10.82010
12.07230
12.16850
11.04470
10.67330
12.59230
12.41430
10.56880
11.51810
14.62380
11.83220
11.77760
13.11680
11.34670
11.02850
11.73410
12.19850
11.77380
10.71740
12.27350
11.01040
10.94240
12.59540
11.87920
12.79740
11.51800
12.65160
11.95080
12.31920
11.94390
11.51860
11.18300
12.05480
12.93450
12.35680
11.35910
11.77200
11.24130
12.77910
11.46210
11.06750
11.54940
12.44040
12.28880
12.25670
11.91510
12.29300
12.20440
12.07970
12.18570
11.99820
11.42880
11.48360
12.08900
11.54120
11.18200
12.89830
12.15920
12.06780
11.43670
11.46220
12.81390
11.51820
11.04470
10.96340
12.84670
13.28700
11.80490
12.47970
12.43980
11.35430
12.44250
11.83750
11.91850
11.39660
13.27440
13.27110
12.30990
11.27900
11.52000
10.98720
12.64290
12.82720
11.82200
10.99540
12.02620
12.16120
13.15590
12.45350
12.39950
12.42740
12.44840
11.59390
12.55990
11.00510
12.03090
13.04580
11.86450
11.23320
11.72190
13.11260
11.74120
11.14000
11.88810
12.40830
12.60740
12.77510
11.55890
12.04210
12.78880
12.31490
11.22830
11.76790
13.68050
11.44460
12.80720
12.46260
12.00730
12.06150
11.18080
11.50110
13.16850
12.24180
12.47190
11.15080
11.88920
11.98970
12.56870
13.01760
11.29270
11.49450
11.00320
11.06670
11.83070
11.87620
11.87300
11.30070
10.31210
10.30390
12.62100
12.34080
13.11840
11.03110
12.09930
12.33270
12.51650
12.19310
12.42550
12.43750
13.01800
13.18940
13.10690
11.17100
11.89050
11.59460
11.97030
11.61610
10.84180
12.14320
12.13610
11.57130
11.97240
11.60240
12.26440
12.46940
12.72460
13.23260
11.72640
12.05910
11.31410
11.83560
13.09740
11.88840
12.56190
12.91380
13.45020
12.56690
13.11650
13.34530
12.63900
12.93520
12.66750
11.78350
11.08470
11.42900
12.56970
12.32090
12.98930
11.02440
11.05170
10.64230
11.59660
11.83110
11.66440
11.25540
12.45760
12.09430
12.46480
12.27440
11.88620
10.71610
13.32390
12.70880
11.81370
10.80540
11.57110
11.65600
11.73810
12.58680
12.83980
11.34380
11.94930
11.79570
11.16310
12.17480
11.44880
10.78710
12.74950
11.01970
11.28360
11.20630
11.09970
12.09960
12.32670
11.72400
11.93040
11.97020
12.83970
11.58870
12.54300
12.19730
13.09890
11.31650
12.22270
12.34250
11.73980
13.27170
11.84650
11.51290
11.12730
11.59010
11.06130
12.33150
11.93140
11.66020
11.86280
12.13330
12.24610
11.01510
13.87080
12.63580
11.79050
11.17580
11.56660
13.23600
11.96720
12.60920
12.46340
11.47920
12.69580
12.28780
12.79740
12.14300
12.74560
12.75670
10.97240
12.14750
12.91600
12.60350
11.64200
11.76500
12.16840
11.54870
12.46770
11.49080
13.03680
13.38810
13.04930
11.98650
12.38350
12.46320
12.42510
11.82940
13.28860
12.05390
11.55980
12.94790
11.16520
11.47400
12.21210
12.53540
11.14050
11.46190
11.78330
12.52380
11.74850
13.34070
12.27150
13.19870
10.75180
10.90230
12.48610
12.05940
11.62810
11.88650
12.19470
13.09710
12.11420
11.01040
12.23560
12.34030
11.64650
12.43690
12.01200
11.29510
11.57630
12.46760
11.42130
11.28440
12.03480
13.16090
11.96930
12.39800
11.72320
10.86320
11.43200
12.59360
12.08940
11.86090
10.79890
13.90120
12.97590
12.68230
12.78880
12.24260
12.58290
11.89810
11.85230
11.80800
11.91040
12.36220
12.52930
11.92000
11.72230
11.69910
13.19410
11.01650
11.18060
12.43800
11.30350
11.92730
12.61200
12.46110
12.76730
12.24780
12.22480
11.77330
11.83830
12.68890
12.52800
12.82320
12.29550
11.64010
11.00580
12.16540
11.50430
11.51950
12.16030
12.42720
12.86310
11.64100
13.28110
12.20200
13.04510
12.02110
12.12740
11.23600
11.99180
11.12030
10.60090
11.74440
11.61610
12.03310
12.01220
12.18120
11.20110
12.24630
11.98660
12.31780
11.92640
11.43260
10.81380
10.81220
12.43040
11.36650
11.67390
11.57200
10.92770
12.75780
12.13850
12.46900
13.15200
12.12200
12.28910
11.03960
13.10400
10.59100
12.60530
11.01310
10.90540
12.97460
12.35210
10.68690
11.53430
12.36160
10.62440
12.10810
11.76750
13.34190
11.87910
11.85220
12.12140
13.35970
12.33770
11.57920
10.73750
12.36270
13.28880
11.86430
12.32980
12.10140
12.54880
11.06960
11.70390
10.72720
11.61660
12.79100
12.08840
12.10450
12.23250
12.62160
11.72730
12.47690
11.19880
12.37370
10.50730
13.24630
11.23070
12.51520
11.82980
12.93610
12.99920
12.27030
12.29400
11.74280
11.53200
11.48990
12.16030
11.67180
12.32360
12.89420
11.84110
13.13540
12.55060
11.68060
12.89290
12.84140
11.58830
11.61010
11.85220
11.71650
12.30590
11.51750
11.31730
11.71560
11.19310
12.68500
11.13520
11.51910
10.91300
12.08560
13.18460
12.23430
10.97510
12.61660
11.20100
12.26890
11.69410
12.19620
11.81110
12.39540
12.15380
11.30670
11.61660
12.18780
11.64270
11.99330
12.23640
12.04910
12.57880
12.01960
11.70590
12.24880
13.01620
12.64240
12.76440
12.01490
12.44540
11.99280
11.59540
11.94240
11.90230
11.92360
12.78760
12.22770
12.99200
14.16390
11.41000
12.97900
11.83650
13.28170
12.58680
10.91400
13.01350
11.64090
10.60010
11.99430
11.03210
13.57770
10.91120
11.85280
12.51010
11.82330
12.90020
13.26720
12.37150
12.07710
12.50250
10.94890
11.05280
12.64740
11.11030
12.09110
12.32180
12.38050
11.99130
12.23280
11.75430
12.93270
12.05780
11.77230
11.88690
12.51670
13.79470
11.16840
11.86570
12.05910
11.72630
11.43580
12.25190
11.91580
12.76800
13.34790
12.42690
11.54100
12.34590
11.06330
10.79150
11.69230
12.35450
10.61430
13.10940
11.25520
12.75450
11.99050
11.04460
12.34810
12.04620
12.85460
12.51500
11.89480
12.56980
12.68420
12.10850
12.56550
11.88650
11.83040
12.99460
11.40230
11.76770
11.32730
11.80740
11.03280
12.41390
11.46610
12.54590
12.79740
12.13250
10.99720
11.01020
12.12590
11.97980
11.92470
12.31160
11.89540
12.95990
11.53130
13.04330
11.93640
12.69830
10.87190
11.15120
11.12510
11.75000
11.23320
12.44650
11.77300
11.26750
12.29850
10.78620
11.54560
11.49120
12.17150
13.26380
13.34980
12.01850
12.56170
12.22710
12.31870
12.75820
10.96390
11.52790
12.62700
13.06280
12.86680
11.44010
11.80110
12.65510
12.24120
12.30040
12.18360
11.95190
11.50160
12.17560
12.71120
12.09830
12.42480
14.74640
11.70610
13.03030
12.49930
11.93310
12.33450
11.11200
11.69330
12.14440
13.52510
11.70970
11.26320
12.33800
12.71010
12.01920
11.42560
12.62060
12.67630
12.63500
13.66170
13.10800
12.06490
12.67750
11.42370
11.55730
11.48060
12.25620
11.63440
12.28320
13.18500
11.78370
12.35280
12.05520
10.86760
12.48080
12.26660
12.20030
11.26230
11.11080
11.94440
12.00310
13.03160
11.68690
12.01140
12.46920
13.02160
11.69120
11.91280
11.59280
11.32970
12.51900
12.05370
11.80880
12.39490
11.87610
12.81180
11.60220
12.06990
11.99980
11.50890
11.84700
11.73120
12.07880
11.15110
12.50160
12.48950
11.68750
13.14230
11.44690
11.57230
12.66300
11.84420
12.49060
12.54200
10.83860
11.57830
12.15170
11.55540
11.27980
13.05410
11.04840
13.05070
11.72710
11.85500
11.03430
12.02510
11.96360
11.62910
11.12310
11.54730
12.30500
11.18590
12.04350
11.82400
12.53580
12.36070
12.17950
11.72520
11.27660
12.61380
12.20860
12.43190
12.37030
11.99600
12.20040
13.04510
12.07240
11.47840
12.62090
12.49490
11.02680
12.16450
12.06880
11.42670
12.80480
11.51490
11.46910
11.00200
11.82890
11.96880
11.21430
11.47180
11.81740
12.95410
12.80010
12.42600
12.57720
11.24230
11.21580
13.24620
11.54160
12.20300
12.19540
12.32020
11.59880
11.71170
13.14180
11.50830
11.90610
11.69860
11.59530
11.36500
12.71580
12.59160
13.13030
11.43940
12.30300
12.37070
12.84770
11.57470
11.54090
11.46050
11.59650
11.98670
12.47080
11.54520
12.30420
11.58820
12.65450
11.82170
11.92010
11.15090
10.41990
13.32760
13.06840
11.50080
11.27820
11.11660
12.54780
12.67060
12.12730
12.26730
12.05340
11.90590
12.09870
11.89930
12.52310
12.50570
11.79030
11.85350
11.69080
12.86260
12.74720
11.67540
11.09960
11.78950
12.04410
12.14000
11.65120
12.65280
12.15710
11.76330
11.28840
11.90440
12.11560
12.91320
12.10460
13.58400
11.87950
10.60520
11.96870
12.04900
11.99850
11.48310
12.73850
12.39320
12.60550
12.90050
11.47320
11.96480
11.06410
12.49020
12.57580
11.47780
11.00130
11.16470
11.33440
12.99510
11.70940
12.49460
12.07830
11.96690
12.46800
13.21990
13.05780
11.69170
11.92090
11.95220
12.91110
11.74440
12.39300
12.13260
11.74320
12.18260
12.07320
12.09780
12.46750
11.93430
11.28070
12.02000
12.62640
12.46150
12.72020
11.61880
11.60930
12.33090
12.48710
12.11840
12.21350
11.36890
12.46530
11.42860
11.62750
12.27260
10.74710
10.68910
11.18060
11.83060
11.36680
12.44060
12.48910
11.67390
11.80680
12.20270
10.93760
12.01250
13.72030
13.78690
11.40400
13.40480
12.50180
11.91720
11.93300
11.69630
11.50150
12.00760
11.24910
11.99650
11.74510
11.67620
11.46100
11.32890
11.99290
12.55160
13.35020
11.66860
11.59560
12.31220
13.07650
12.61450
12.68600
11.06000
13.30600
12.11200
11.38740
13.30300
13.16880
13.27760
12.87570
12.46220
11.22100
12.82290
10.29600
12.15590
12.24210
11.90060
11.13340
11.10180
11.91450
11.78020
12.69690
11.69730
12.63400
11.54870
12.07410
11.55390
13.31080
12.20410
12.71390
12.31730
12.11330
12.29080
11.48210
12.75130
12.12530
11.82790
11.62340
10.80560
12.38630
12.34440
11.29780
10.63120
12.30890
11.15460
12.66000
11.45780
11.73770
10.48360
12.78260
11.50720
11.97310
11.98600
11.34580
11.81230
10.97900
11.17250
12.09660
12.37300
11.53530
11.89560
13.86490
12.23500
12.82310
12.79480
11.01840
11.48360
11.50010
11.16680
13.34040
11.90740
11.98830
11.05710
11.71360
12.54080
11.99560
12.28720
11.89350
11.97240
11.04530
12.58120
11.93180
10.77260
12.05620
11.34400
10.47150
11.76800
11.50510
11.03410
10.71250
12.61450
11.66500
13.33450
10.91490
11.60970
12.84540
12.67320
11.83120
11.71850
12.33080
11.32000
10.83230
12.82490
11.78270
12.70170
12.95780
12.34220
11.57730
12.38780
12.57340
11.55560
11.78040
11.75690
11.74610
12.72560
10.99790
10.57560
11.95910
11.77920
11.29610
12.05070
12.41660
10.64060
12.27150
12.00480
12.94620
11.77820
12.25790
11.62420
11.61030
11.57390
12.30370
11.62680
12.31640
11.93760
11.16490
12.00380
12.44000
11.79010
11.90640
11.34720
12.14430
12.43020
12.58510
11.48160
11.24610
12.85980
11.32730
12.17210
12.89790
12.17970
11.79880
11.53520
11.82840
11.45530
13.36570
11.47510
12.49810
11.76280
11.01140
11.81890
12.29270
12.98140
11.67610
11.80460
12.35410
11.93950
11.05100
12.44480
11.53070
12.52450
12.97530
12.50810
12.33170
12.14010
10.26890
12.39810
11.79260
12.03480
11.71870
11.94880
10.66020
11.84210
11.79510
12.76160
11.95480
11.84360
11.77500
12.37510
11.58740
11.19380
11.92860
13.37050
10.77170
12.02490
11.09110
12.17710
12.36420
10.85130
11.82830
11.97190
12.44140
11.97090
10.67500
11.84710
11.75220
12.66890
11.57650
11.51060
13.21290
12.23750
12.38640
12.12420
12.05120
10.73770
10.45240
11.86570
11.32490
12.83450
10.90600
12.25520
12.92500
10.98900
11.89590
12.41330
12.64130
11.92300
11.93080
13.65990
11.14990
10.83900
12.90770
12.10670
11.18700
11.37020
11.91040
10.78970
11.84430
13.19760
11.13990
11.62870
11.88470
12.41870
12.31260
12.48440
13.03840
12.68410
13.07280
10.59260
11.77750
12.37750
10.72780
11.91990
11.79060
12.72170
11.38360
11.35720
11.81060
12.02300
12.45060
12.62770
11.15540
12.71850
12.54030
11.42210
11.63760
12.31260
13.84030
12.16010
11.50140
12.78770
11.69140
12.14040
12.18740
13.03220
11.93630
11.24230
12.50670
11.84290
11.65240
12.00760
12.25950
11.40340
11.84740
12.44770
13.01620
12.25150
12.04340
12.17530
12.35260
11.75370
12.09650
9.573360
12.02930
11.53250
11.79520
10.33910
11.47040
11.74150
9.247020
12.29800
11.95440
12.08540
11.52840
11.62950
12.29570
10.75770
11.71740
11.98010
11.54860
12.13880
11.91360
13.95200
11.66670
11.15900
12.12830
12.90250
11.67940
12.04440
11.75080
13.70450
12.14790
12.25950
12.73660
11.68190
13.04790
11.80890
11.10690
11.27220
11.89030
12.45400
11.75840
13.04040
11.59070
12.24980
12.13030
12.98240
11.59520
12.27620
11.29120
12.08330
12.10960
11.71650
13.30790
12.70760
13.14980
11.29840
10.93810
13.21830
12.67970
12.60230
12.87730
10.95690
13.21620
11.41330
11.76980
13.10130
12.90550
12.33000
11.85630
12.41020
12.21450
12.34940
12.80780
11.28940
12.10210
11.48890
11.59010
12.29080
12.24870
11.07480
13.47930
13.61360
11.35450
12.65750
11.39800
12.16160
11.13840
13.06620
11.39920
11.78740
12.64040
13.02660
12.65390
12.71990
12.36600
11.91150
11.82770
12.51060
12.86730
11.19190
11.04840
11.42630
11.16070
11.16560
12.06590
11.95400
12.34800
13.41740
12.65220
11.87650
12.74170
12.36900
11.81790
11.18080
11.71380
11.65980
11.13470
11.13110
12.01500
11.05170
11.76060
12.14010
12.19690
10.65110
12.17380
11.77110
12.74860
12.17820
11.95550
11.18710
12.42860
11.56620
11.50200
11.97820
11.99660
12.45340
12.34180
11.72140
11.86490
13.18320
12.49530
10.01670
12.50020
12.94800
11.52950
12.66920
12.81420
12.56700
11.74880
12.51110
11.40900
11.46680
11.84270
13.62810
11.38170
11.69710
12.20350
12.16210
12.83890
12.93250
11.34730
11.62570
11.77040
12.37310
12.03680
10.85340
10.96730
11.89650
11.40050
12.65720
12.40680
11.92540
11.44790
11.94230
11.30290
11.50900
11.78680
11.85910
11.56130
11.76070
12.62860
11.47630
11.79290
10.82590
12.77370
12.29060
11.89820
11.37700
11.31260
11.08300
11.08760
11.86280
12.28710
11.31370
12.63560
11.76570
11.32260
11.45120
11.26790
12.94640
11.75590
12.53940
12.54710
12.73440
11.03570
12.25090
12.58600
12.60820
12.58620
13.48810
12.89020
11.98130
12.14100
13.16410
12.51220
11.45550
11.43550
12.33830
11.75180
12.28050
12.09020
12.59900
11.95450
11.28010
12.49350
12.03780
12.83000
11.83400
12.48790
10.68780
13.90510
11.48030
12.73820
11.81300
12.50290
11.83970
12.00820
11.89860
13.06150
11.77150
12.53650
12.18440
12.02890
11.53300
12.50940
10.99880
12.23000
12.74860
12.97190
11.56120
10.67400
11.42560
12.95590
11.84090
10.81830
11.71240
11.82540
12.09630
12.04550
12.09300
12.07870
10.40140
13.02120
11.86650
11.32800
11.84240
11.07950
11.93380
11.80680
12.42110
12.98430
11.54010
12.27170
13.25580
12.44380
12.22500
11.34820
11.43830
11.41310
12.81680
12.11190
13.13100
12.33360
11.98250
12.87410
11.72010
11.27920
11.76510
12.44130
11.64200
10.73730
11.12180
12.66490
10.21440
11.82260
12.94210
11.72300
11.23310
12.54370
11.72070
11.67760
11.97780
10.59830
11.82890
10.92270
12.16260
11.65430
13.07840
12.01530
13.09780
13.39510
12.60070
12.18220
12.70570
11.48280
12.39030
12.18200
10.91750
10.53350
12.08210
12.82670
12.63960
12.08630
11.33980
12.80360
11.37720
12.01960
10.86160
11.92650
12.69570
12.48290
11.27310
12.63750
12.62930
12.16510
12.83230
13.00200
11.50450
12.20870
11.07850
11.88190
11.95710
10.90980
11.05330
13.25890
12.41320
12.54650
10.57420
11.80770
12.68900
12.91820
11.55330
12.34530
10.25350
11.53870
10.80780
13.06420
12.98430
11.83320
11.99490
11.76110
12.54560
11.60600
12.14870
12.17590
12.63430
12.67790
12.48480
11.71830
11.99380
11.80800
11.51100
11.05210
12.45010
12.23130
13.57560
12.59660
13.29480
12.13230
11.68440
10.72790
11.78200
13.35740
11.96110
10.97590
11.58190
11.29960
12.13720
12.33770
10.58110
11.62420
12.14220
12.04290
12.28990
11.95440
11.65660
10.94380
13.19390
11.71660
11.87150
11.57370
12.38410
11.17150
11.88870
12.22630
10.99880
11.48130
13.26670
12.70140
12.04380
11.69860
11.73330
12.50890
11.16710
12.84010
12.45810
12.35050
11.45960
12.44480
12.57080
11.97100
11.48730
13.00310
11.61010
12.42850
11.64200
12.03900
12.46430
11.70610
11.55160
12.18910
12.65750
11.99620
12.17110
12.67200
11.22430
10.86260
13.27430
11.97090
12.62140
10.93330
12.26670
12.73490
11.80740
12.87740
12.54210
13.49630
11.86710
12.18140
13.61120
12.85770
13.08210
13.42520
11.87070
11.60300
11.34550
11.04540
10.88490
10.88670
13.86630
12.07570
11.27940
12.42900
11.28890
11.56500
11.87090
11.68850
11.41340
12.42230
13.07240
12.12400
13.26550
11.94900
11.86580
11.63370
12.28330
12.07750
12.02060
11.60630
11.28800
13.02860
12.06270
12.39100
12.35650
11.41670
10.81110
10.80010
12.59030
11.90920
11.81680
11.02410
11.14490
11.45510
12.75540
11.49480
13.34110
11.90410
11.31560
12.04450
12.94510
12.62570
12.30940
12.91420
12.45970
11.49450
12.27050
12.14560
11.84310
12.08040
12.66240
12.15910
12.50420
13.45340
12.24650
12.61300
10.93090
11.27460
11.19390
11.75060
11.79540
11.82800
12.52450
11.80090
12.00150
11.76900
11.12910
12.81940
12.63430
12.72070
12.55690
12.74130
12.03020
12.95070
11.62370
12.26750
13.42240
11.72720
11.75380
11.15360
12.50160
12.03050
12.64000
12.78710
12.78480
11.71110
11.18190
10.94350
12.02120
12.83980
13.16120
12.32520
11.52170
12.50890
11.82420
12.02550
12.17740
12.24890
11.13470
11.73980
12.55810
11.83330
11.20730
13.11470
10.94490
12.71490
12.45330
12.06210
12.94810
12.45060
12.75990
11.82030
11.94920
11.97530
12.51950
12.78880
11.93070
12.91190
12.05590
12.46170
12.34940
11.96290
12.54410
10.40920
10.77070
11.50170
12.44900
11.62580
11.46420
11.62050
12.54550
11.89600
11.79670
13.24330
12.15020
11.00170
12.02400
11.80470
10.81860
11.52480
12.30030
11.51180
11.01790
12.30430
11.74740
12.81930
10.89360
13.20550
12.26520
10.64480
11.46240
12.79890
11.29300
11.37870
11.66280
11.54040
11.49540
12.37870
11.16280
12.49300
12.16960
11.58880
12.03600
11.52780
11.10230
11.66660
11.84060
12.14390
11.32780
11.19090
11.25120
12.67400
11.46500
12.21050
12.38870
11.69640
10.34550
11.86360
12.51210
12.66640
12.25170
13.23530
12.26500
12.29680
11.04500
11.48880
12.74170
12.77320
11.53840
12.06730
12.27830
12.66110
11.27030
13.01610
11.52560
12.19150
12.13880
12.38540
11.53680
11.14760
11.45060
12.05360
11.79620
10.34370
12.20560
12.05360
11.72160
12.50380
12.31230
10.63980
11.96590
12.66770
12.70000
11.83350
12.30300
12.20600
12.17100
12.42480
11.13810
12.08410
11.31420
11.69640
11.37730
11.77690
11.01690
11.20940
12.20880
11.62090
12.83050
13.52540
11.72490
11.56950
10.95630
12.31970
11.28980
12.96250
11.74580
10.79310
12.15240
11.48410
12.54800
12.82730
12.23760
12.70880
11.95160
12.06760
12.29670
11.96920
11.78070
12.46470
11.77210
12.59860
12.53880
11.08810
11.73000
13.11380
12.52360
11.54930
12.03290
12.04270
12.15970
11.64160
13.37990
12.43190
11.62290
12.57200
11.42740
11.81640
11.47950
11.36550
11.79090
11.90790
12.38160
11.11320
11.90930
12.04380
11.69420
12.09750
12.80150
11.98470
13.17070
11.22870
10.61830
11.22790
10.76180
11.83130
12.83400
12.08440
12.41590
9.619600
12.09770
12.51570
13.07250
13.26190
12.09020
11.72740
13.11980
12.76390
12.92610
12.41480
11.41300
11.14780
12.04770
11.26610
11.68530
13.06240
12.95550
12.54870
11.71500
12.06310
11.34200
10.95320
11.81400
11.92230
12.11880
13.18930
13.01510
12.09660
11.91230
13.04550
12.36630
11.80580
11.49550
10.47150
11.78750
13.15170
12.45450
11.30870
13.07360
11.57370
13.23920
12.39710
12.49020
10.84020
12.80230
12.40100
12.68020
11.87380
11.66370
12.93090
11.73900
11.49090
11.21980
10.69520
11.95560
13.19470
11.40680
10.93690
13.26070
11.19880
12.76120
11.88330
11.10520
11.78000
12.75850
12.16890
11.17840
12.80270
11.33310
12.19020
11.71420
11.65100
11.43600
12.02410
11.82150
11.85660
11.70820
12.42100
12.90880
10.93520
11.25510
10.73390
11.47410
11.66660
12.83940
11.82230
11.70930
10.87920
12.05990
12.23110
13.40940
12.12820
11.05300
11.25520
11.83940
12.14480
11.55060
12.26060
12.08390
11.87960
12.01020
11.32930
12.63850
11.46460
11.79460
11.95600
11.69140
12.66750
12.51220
13.20170
11.43270
11.25940
11.52950
11.76930
11.08780
10.39080
12.32500
12.83980
11.69700
12.37250
11.21790
11.94760
11.00200
12.37900
12.32360
10.27260
12.96530
11.21800
10.79430
12.99280
10.98480
12.22510
11.62480
12.51490
12.19100
12.44610
12.43600
10.72860
11.57570
12.77120
11.27580
10.84100
12.93190
12.83100
12.42650
11.87370
11.42170
12.09020
12.16120
12.69700
11.37530
11.03630
11.14110
10.99300
11.97460
12.95150
11.79340
11.35800
12.82870
12.62810
12.44660
11.03870
12.47060
12.09950
11.96890
11.89750
11.62140
12.31220
12.21920
10.99910
11.73710
10.05600
11.64300
11.12770
12.54830
12.48550
11.88650
11.34960
11.79590
11.45050
11.19090
12.10970
11.60040
11.90360
11.53060
12.40290
11.68530
10.66840
11.91460
12.68050
12.35490
12.05200
12.51220
13.02290
11.86410
12.05970
12.18860
11.21520
11.53750
12.42380
12.08520
11.55380
12.85740
10.83270
10.72520
11.25090
12.36890
10.88810
12.10610
11.48200
11.79270
11.66610
12.50890
10.97280
10.76480
10.96360
11.57010
12.66260
11.62070
12.32710
11.73960
12.65920
11.92440
11.23660
11.72510
11.56140
11.88960
13.02400
11.29310
11.46860
12.06030
13.94130
12.27150
12.60380
11.52850
12.73000
12.42060
10.75580
12.59540
11.39090
12.52290
12.92180
12.05420
12.09900
12.10720
10.85440
11.58890
12.60390
12.35180
11.57780
11.36370
11.42210
11.98100
11.48100
13.11420
10.48060
11.85950
10.69570
12.86150
12.01990
11.49380
12.97040
12.96110
11.73780
12.31300
12.02750
11.28170
10.91920
12.03570
11.84690
12.05290
12.13020
12.11300
12.35770
11.85200
12.17330
10.88350
11.36060
12.71630
11.91710
13.16020
11.65360
12.00010
11.75030
11.49640
13.26810
11.70250
11.82300
11.92630
12.80610
12.37390
11.84610
12.49330
11.91620
11.34570
11.61530
10.96080
10.17760
12.49660
12.22170
13.55070
12.58500
12.02820
11.66630
11.83210
12.07600
11.93440
11.98210
11.64630
12.54910
12.71170
11.26590
11.15010
11.26240
11.37290
11.20350
11.11280
11.52790
12.86480
11.90980
10.85800
12.04910
12.53260
12.05260
12.12190
11.93430
11.89800
12.13460
12.03520
11.78730
13.41500
12.68180
11.51110
10.19810
13.20440
11.69670
12.86090
11.16590
12.64700
12.43910
12.70850
12.35650
12.68480
13.02950
12.57110
10.73180
11.43860
12.30990
11.60580
12.23820
11.50110
11.68060
11.60420
12.41460
12.37610
12.24900
12.26340
11.76170
11.94320
11.15370
13.31380
13.13880
12.49550
12.41660
12.49690
10.41480
11.78870
12.12800
11.99810
11.17890
12.29190
11.58150
13.68990
13.00130
10.23620
12.20810
13.04950
11.98980
10.80470
10.54960
11.77540
11.49810
11.75740
11.72040
12.92980
11.98180
11.49760
12.41980
11.66410
13.25420
11.85420
12.79450
12.11490
12.06640
11.78200
12.22430
11.77780
12.37670
11.31000
12.18400
11.66310
11.85670
11.35990
12.23140
12.19060
11.93590
11.89270
12.51590
11.91600
11.56540
13.49060
11.49560
11.85910
11.77550
11.56650
11.58390
12.10430
10.46990
10.71590
11.91610
13.44520
11.10080
12.31320
13.17400
12.62010
12.51610
11.41010
12.51540
12.32920
11.78860
11.37090
11.00680
10.41350
12.00700
12.20720
12.67540
12.11300
13.17980
10.75490
11.99130
11.66900
11.77020
11.59600
11.22080
12.37180
11.55130
11.09770
13.10610
10.75160
11.11780
11.12820
11.98870
11.98390
12.45350
11.61810
11.53930
11.82950
12.23900
12.81960
10.62060
12.26580
10.78160
12.82770
12.64400
11.21930
11.69460
12.40800
13.27890
11.85230
12.70870
11.33350
12.91120
11.33940
11.47990
12.11960
12.12750
11.75870
12.06320
10.82240
11.81450
10.82010
12.88670
13.17400
12.04310
11.91520
13.13430
12.64600
12.63420
12.46070
10.52640
12.03540
12.03290
12.07040
12.60770
11.93890
12.62010
13.00590
12.66160
11.55070
11.78750
13.00820
12.24410
11.61200
11.65400
12.93910
13.03870
11.56040
12.55490
12.48880
11.77280
12.11680
10.67560
11.18980
11.06840
13.03020
12.24310
11.90700
11.83900
11.86400
12.61440
11.51390
12.37450
11.63360
12.14190
12.22430
12.48240
12.90330
12.03940
11.46120
12.86600
13.46230
11.81090
11.70700
11.34260
11.17240
11.86420
12.57260
11.10190
11.28350
12.69810
12.28660
12.95900
11.41470
11.72600
12.05620
12.02120
12.98750
11.54070
12.92080
11.47100
11.14660
10.87700
10.68140
11.69070
11.08750
12.57800
12.40000
11.49140
12.05030
11.26940
11.49100
11.22010
11.28830
12.08680
12.39510
11.54710
12.42860
11.46140
13.05350
12.87490
12.29540
12.62180
13.18310
12.12850
11.05000
11.24700
11.27120
12.75520
11.05630
11.00130
12.83100
10.68180
11.47560
12.52740
11.88050
12.06230
11.38150
11.83020
13.04960
12.96210
11.95810
13.04840
12.17000
12.23400
12.19580
13.33960
12.76050
12.02450
13.27390
12.00490
12.23890
13.18170
12.14220
11.21870
11.85070
11.55480
12.67650
11.75160
11.53780
11.18100
12.41110
10.35530
12.84850
10.95370
12.17770
11.85540
12.47350
12.36620
12.20280
11.09320
11.12690
12.97250
12.10420
11.34970
12.32080
12.68260
12.39850
10.97020
12.50370
11.33560
11.96900
13.08270
11.81490
11.85680
12.23940
11.84390
12.18070
12.95710
12.04430
12.10540
12.83080
13.39300
12.05000
11.72650
11.09010
11.24960
12.77820
12.72060
13.55560
12.63900
12.57370
11.28210
12.10520
11.73470
11.56540
10.88540
12.73300
10.72750
12.23990
12.55350
13.08000
11.70910
11.87160
11.23920
12.97960
12.95140
12.21410
12.01400
12.72110
10.59150
10.69690
12.52950
11.05320
12.23710
11.21240
11.38130
11.56860
12.33470
11.28560
11.42310
12.11570
11.67640
11.54010
12.62820
11.09250
12.92160
11.41610
11.87160
12.36710
12.41130
11.64110
11.86470
11.62790
11.61490
11.31590
12.20290
13.35730
11.62760
12.24290
12.92940
11.96810
13.69090
11.74310
12.75980
12.35720
13.73200
11.45210
11.01020
12.28220
12.98210
11.06970
11.79780
11.88730
12.42020
13.07750
12.10200
11.69200
11.42990
11.72710
11.85570
11.03510
12.02670
10.92790
12.16920
12.11360
12.40460
11.70920
11.96220
11.46950
10.71330
12.66960
11.87850
11.55500
10.46330
12.68210
12.10760
12.92730
11.84430
11.15690
12.36770
12.64830
11.59010
11.92580
13.12350
13.49320
12.63810
11.82850
11.37390
12.55780
12.06480
11.60190
12.79390
12.44280
12.34840
11.24930
11.24060
11.75970
11.74470
11.34760
10.92990
11.74890
12.11560
12.01970
11.13480
12.37800
11.62200
13.03690
12.36610
12.77960
11.96730
12.04100
12.22820
12.08920
11.28010
13.39250
11.11850
12.01250
11.86170
10.92000
11.05200
13.15130
11.17990
12.29240
12.41710
11.30000
11.69750
13.44320
11.23530
12.48150
10.82900
11.11090
13.82890
13.20640
12.10810
11.66190
11.65310
12.26810
11.55260
12.88600
12.08440
12.35930
12.12190
12.23520
11.83770
11.78120
10.88270
12.43620
12.24080
12.67890
12.39810
11.57540
11.87620
13.16380
12.29650
11.34570
11.62930
10.45870
11.54030
11.71330
11.99810
11.35880
12.82840
13.15030
11.43430
11.47310
12.28510
13.07350
12.62220
13.30280
10.92780
12.00400
11.43620
11.62940
11.99800
12.54500
12.15090
12.52590
11.24930
12.44370
13.29390
11.50900
12.25900
11.80110
12.59490
10.09740
12.16500
10.92690
11.06000
11.53390
11.80780
11.84970
12.12970
13.10670
12.29730
9.838790
11.14620
11.50330
12.00230
11.92790
11.51560
12.46460
11.96400
12.45760
12.31470
13.04120
12.29950
12.84730
12.62930
12.53210
11.21630
11.94200
11.08600
11.88300
11.02920
11.23190
12.54300
10.78540
11.39220
11.33110
12.62700
11.51470
12.95500
13.27250
12.47650
12.40480
11.41440
11.86010
10.83200
12.34570
12.00650
11.51750
11.75790
13.10340
13.44020
12.40750
10.35300
12.29380
13.32200
11.53660
12.83320
12.51230
12.04710
11.63110
13.23710
11.38620
11.08390
11.91540
12.82320
11.99480
11.28220
11.35800
11.46280
11.76890
11.37210
9.982610
11.43880
12.66060
13.10300
11.53020
11.44280
12.88620
12.13620
14.64580
12.86850
10.75310
11.14410
12.10790
11.98610
13.11700
12.68020
11.91820
11.23770
12.80260
13.01270
12.84440
12.57190
10.91300
11.76970
11.89780
11.79810
11.52500
11.39830
10.50300
12.90220
13.08440
12.21480
12.11940
11.79430
12.31200
10.90370
11.79020
12.64130
11.81570
11.89800
12.09420
11.35790
12.95660
11.13020
11.64390
13.06430
12.15990
12.88240
12.22140
12.04650
13.73360
11.33810
12.61470
11.08910
12.43710
12.12780
12.05430
13.02670
11.26790
11.87940
11.93540
12.89100
12.42100
12.89010
11.67730
12.58650
13.48490
12.15350
12.80520
11.83190
12.23900
12.41450
10.62150
13.77580
12.73450
11.17720
11.76660
12.96530
12.25140
12.47260
11.94370
12.55220
11.05220
12.70320
11.47350
11.82740
10.69640
11.25980
12.38790
12.87680
11.30620
11.06140
12.20720
12.33510
11.43930
13.14390
12.59450
11.59160
10.74910
11.36390
12.93410
11.54960
11.85200
10.59250
11.69230
13.13290
10.10630
12.60120
14.01090
12.39910
11.91700
11.58400
13.25760
11.18460
12.30090
10.83930
11.44710
11.90180
11.32460
11.48900
12.69370
11.34280
11.33490
11.48730
11.75030
11.60330
11.64020
11.69230
12.13190
12.85110
12.70440
12.05900
12.22500
12.19700
12.27130
13.23400
13.31810
11.87920
12.10670
12.53740
11.13760
12.81210
12.20730
12.10270
12.22340
13.91430
13.03970
12.14450
12.22720
11.86450
13.68150
10.76030
11.71000
11.94580
10.77320
11.41140
10.96900
12.38540
11.24270
12.38150
11.58920
11.52140
11.89070
12.44390
10.93890
12.02280
12.03580
12.05240
12.69240
12.62310
12.03660
11.61200
11.96240
12.65990
12.90740
11.22370
12.36730
11.30360
11.71720
11.99290
10.93490
11.85740
11.41530
12.66610
12.41990
11.19080
11.33830
11.83060
10.90820
13.00260
12.11100
11.19100
11.27270
13.82820
12.40350
12.77600
11.14920
11.92400
12.42460
11.65680
12.40590
11.40080
12.70340
13.52710
11.48570
11.87080
11.93060
11.32790
11.58870
12.91040
12.42810
11.43950
13.09660
11.00050
12.50520
13.19230
12.85970
11.27740
11.79750
12.01940
13.72250
11.20540
11.98610
12.67250
12.85390
11.85350
11.45580
11.67730
12.94420
12.56590
11.41820
12.34960
12.05260
13.38930
12.81530
12.36970
10.93370
11.92620
12.33770
11.73360
11.04610
12.99780
12.18700
12.32010
11.65020
12.38140
12.36550
13.50490
10.79170
12.11620
12.48580
12.06200
12.31950
12.32490
12.22710
12.82610
12.27290
12.99040
11.48060
11.75120
11.65320
13.16910
13.47200
12.17210
13.14950
13.48790
11.89320
11.57990
12.44280
12.58420
12.12710
12.88880
11.72880
12.56840
12.37490
11.40190
11.58580
10.51570
12.12410
12.34270
12.56670
12.13530
11.52680
12.42750
12.89590
13.10970
12.13440
12.12120
11.71570
11.76310
12.17680
13.15530
12.40730
12.13770
12.43890
11.80950
10.86970
14.17590
11.69770
11.74340
13.06430
11.09140
11.47770
11.11630
12.88210
12.98810
11.16900
12.08720
11.78550
11.54720
11.69700
10.66650
12.12180
12.68010
13.01200
12.33360
11.76610
11.35880
11.90660
12.61930
12.18780
13.28080
11.57990
11.03000
12.34160
12.83970
10.78660
12.38060
11.58510
12.57920
12.30290
12.11770
11.98500
12.57120
12.14150
11.65840
12.27890
11.56780
12.15810
11.64390
11.32690
11.42050
11.60650
12.16630
11.06910
13.06000
12.10140
11.08950
12.08560
10.17770
12.06300
11.49290
12.84450
13.12280
12.53090
13.10510
12.64500
11.57000
10.81050
11.82090
12.29210
10.95580
12.17970
11.74230
11.27890
13.20180
11.12050
12.59760
13.08390
12.92780
12.86870
12.50000
12.82680
11.23290
11.18600
11.55100
11.73250
11.89580
11.47050
12.85840
11.56340
12.45730
12.28570
12.02170
12.19740
11.83990
12.23990
10.62490
11.76510
12.90700
12.61180
12.82090
11.96680
12.15930
12.26030
12.02390
12.87180
12.38940
11.13130
11.38240
11.92890
11.78270
12.00390
11.79520
12.17700
11.34870
12.27320
12.29480
12.58250
11.04650
11.29590
12.65580
13.27090
12.11590
12.50140
11.28260
12.23450
11.53420
10.80270
12.55260
13.03660
11.70870
12.80850
12.41310
12.28170
12.47150
10.82580
12.20670
13.06520
13.64490
11.07540
12.21450
11.29640
10.92130
11.75630
13.05710
11.10470
12.03330
12.10860
11.46600
13.50560
11.84850
11.62200
11.53040
11.90340
12.50940
11.90250
12.39420
12.36150
12.11190
11.44550
12.00430
11.10430
11.81640
11.66630
11.68440
11.24230
11.75960
11.83030
12.65550
11.66380
12.84040
12.50270
10.70980
12.19920
12.67320
13.16320
11.93770
12.16290
11.62950
12.01860
10.17640
12.66060
11.91550
12.10330
11.50640
11.66590
12.71700
12.16870
11.55710
12.69640
11.37020
11.34550
12.23730
11.81440
10.99610
12.22920
12.18700
11.86290
12.38090
12.18500
10.85000
12.12900
13.10050
11.56060
12.32290
11.78930
12.04430
11.89090
12.46870
12.24840
11.62770
12.46530
12.52870
11.98830
11.59100
12.37510
13.04850
12.00920
11.74540
11.80240
11.06990
12.26190
11.95760
12.36650
12.85740
12.15610
12.47570
12.47070
11.58930
12.99280
11.97280
12.68340
12.80450
11.28380
10.88820
11.53560
10.93960
11.63960
11.33640
12.24640
12.21580
11.74590
11.24480
10.94190
11.28080
11.57650
11.98570
13.16830
12.34710
11.46400
13.46420
11.77120
12.58620
11.19490
12.27130
12.03390
12.87290
11.43380
13.07740
12.95440
12.21040
11.58490
11.03320
12.47140
11.94970
10.24000
11.23430
11.32010
12.35320
11.21060
11.99630
11.72970
11.84650
12.89360
11.89950
12.41810
11.80320
12.69580
12.50600
13.07890
12.07110
11.96810
11.48620
11.36620
12.44350
11.81490
11.50330
12.09560
11.89310
10.87680
12.33620
11.71300
12.99160
12.83500
13.02930
11.86350
12.20280
12.86400
11.56000
12.38820
11.95220
12.63630
11.10600
12.74210
11.28710
12.06990
11.75620
11.74140
12.02490
11.12760
11.63620
13.14590
12.13760
11.53840
12.76680
11.68060
11.36290
12.79920
11.64000
11.90490
11.30990
12.28580
12.12440
11.06150
12.12500
12.09570
13.60380
11.63180
12.18160
12.13550
12.19740
11.98220
11.92600
12.55080
12.20440
10.99410
12.67140
12.36700
12.14620
12.98480
11.37860
11.59530
13.28090
10.44790
12.53780
11.50560
12.11710
13.53530
12.48680
10.73730
12.93930
12.58310
11.43850
11.33680
12.86870
11.82520
12.09290
12.22910
13.16640
11.69140
12.28130
12.72050
12.40150
12.02720
12.09160
13.26590
13.60610
12.42020
12.13640
11.42270
11.51660
11.09330
13.31570
10.64670
12.24570
11.55790
13.03610
12.99100
11.03350
13.04010
12.04170
13.59190
12.00140
12.01550
13.01080
12.55770
11.28100
11.84380
11.62960
12.43770
11.25020
13.00310
12.59100
12.72000
12.24530
11.87720
11.23920
11.13050
12.01520
11.95530
11.82490
12.58540
12.96580
11.96720
10.44420
11.46990
11.39430
12.43470
10.73530
11.52850
11.43730
11.51590
12.21440
13.06330
12.15180
12.65810
12.44350
12.21580
11.84820
12.01720
12.51140
11.69830
10.79490
11.51670
12.72430
12.87000
10.63320
12.76300
11.10750
12.50950
11.66180
13.23880
12.38790
11.24880
12.07970
11.68860
11.10420
11.90870
11.54110
12.20040
10.52650
13.11740
11.63360
12.66390
13.08460
12.14760
12.68850
10.82100
12.65620
12.95100
12.75140
12.11180
11.52440
11.95230
11.80420
11.39280
11.55900
12.61870
12.13890
12.46700
12.59450
11.59840
12.52190
12.65220
12.57300
11.51200
11.65610
12.76460
12.60530
11.82850
11.42890
10.78760
12.04390
12.33420
12.31890
11.90640
11.39960
12.14480
12.19350
11.57900
11.83530
12.47950
11.23070
12.64190
12.96640
12.69000
11.80480
11.87390
12.63730
11.47870
11.96650
12.93140
12.38080
11.48160
11.13600
11.26070
11.86430
12.80050
11.48050
12.03360
10.71830
10.59940
11.96380
11.20680
12.34270
12.13460
12.82900
12.61200
11.64040
12.05510
11.55650
11.80500
12.15380
12.41770
11.75060
11.73970
12.68770
12.53360
12.05600
11.30240
11.51190
11.19310
11.25250
13.09020
12.38260
13.29910
11.11020
12.40540
13.19430
11.75370
12.40250
10.87030
11.18080
11.07800
11.70400
12.17460
12.47700
11.57200
11.30570
12.26690
13.09010
11.42990
11.71030
12.11240
12.13600
11.40580
11.88310
11.71960
11.33190
12.04510
11.97520
11.45440
11.46640
11.88400
11.85640
11.64380
12.08890
12.07650
12.04880
12.65120
11.85300
13.87600
13.26460
11.19620
12.57000
12.53800
12.42890
13.07910
11.60770
11.71020
12.23060
12.16120
11.79120
11.94770
12.64380
11.92010
11.65690
12.84540
12.43470
12.75570
10.88310
11.72430
11.04990
12.31860
11.90550
12.33580
11.62090
11.76270
12.20310
12.04890
12.09600
11.08640
11.10220
10.89250
10.88400
10.73960
10.64020
12.51920
11.77680
12.45930
12.69020
10.75400
11.83980
11.76740
11.98230
12.24740
12.33360
12.77460
11.29350
12.01010
11.74630
12.64810
12.09200
11.39670
12.15620
11.34770
12.12880
10.68980
12.13720
12.34780
11.70330
12.43770
11.40290
12.12940
11.13010
12.11430
12.30240
12.79890
11.03460
10.97100
11.30450
11.80670
11.80260
12.73040
12.90540
11.07130
12.34840
12.36530
12.08720
10.36160
12.32960
11.43060
11.94050
12.17810
11.55670
13.47710
11.53890
11.08360
13.14360
12.57500
11.85100
11.09140
11.80170
11.43590
11.41960
12.07380
12.48330
12.96070
12.73380
10.64590
12.23580
12.19100
11.78060
12.40650
11.87490
12.14590
12.83510
11.84640
12.18760
10.17330
12.13920
12.45280
12.52780
12.34320
11.19090
12.70480
11.97620
13.33820
11.65310
12.02310
12.06100
12.11560
12.50230
11.94620
11.02780
12.59920
12.23340
13.03000
11.69330
11.51720
13.21120
11.91930
12.34190
11.11880
11.98730
11.91940
11.20100
12.01750
11.50080
11.27780
10.79060
11.82700
12.09800
12.37400
12.47740
11.45920
11.22400
10.68610
11.71730
10.85360
12.57090
11.08540
10.40690
10.96800
12.20590
12.14950
12.28910
11.92550
12.40100
11.01170
11.93010
11.20900
11.00720
12.45240
10.65100
13.01610
13.08960
10.65130
12.56310
12.53230
11.92740
11.69150
11.47160
11.12290
11.69100
11.14610
11.02930
13.08750
12.03880
11.73350
13.68810
13.63590
12.14450
11.53010
12.14330
12.56360
12.79280
12.12000
11.85600
11.83960
12.59750
12.26030
11.15120
10.80380
11.62940
11.47860
11.97540
11.53920
12.13090
12.69690
13.28430
12.78030
13.04540
12.58440
12.00750
11.78540
12.82860
11.87800
10.90800
11.66120
11.74710
12.24230
13.26340
12.34930
11.61630
12.61530
12.53310
12.10360
12.20440
11.84150
13.32690
12.54560
12.41380
11.33350
12.56040
12.80490
11.92340
11.25210
12.41830
12.45250
12.00310
11.92770
11.45160
12.17120
11.93280
12.37440
12.36790
11.49660
11.39170
11.64440
11.27060
11.65280
11.30660
12.66020
12.44820
12.13340
12.29540
12.14740
11.57110
13.22610
12.55200
11.83300
11.59760
12.02220
12.17520
12.95690
12.18720
11.24340
11.62900
12.03510
13.19710
13.33800
12.30430
11.79080
11.58620
13.51070
11.80100
13.94440
13.05620
12.78950
10.67930
12.47980
11.62070
11.20270
11.54800
10.46630
10.54340
12.13070
12.26400
12.63260
12.13180
12.40770
11.89390
11.46520
12.23680
10.81770
12.19670
11.58680
12.21070
13.18750
10.72430
11.70300
12.10820
11.54920
11.96500
13.22580
13.19230
13.09270
9.812580
12.62820
12.25280
11.97560
12.08870
11.21410
10.77670
13.28400
12.05080
13.30610
12.54880
12.02750
11.66780
12.72140
12.92370
12.00530
11.40460
11.95320
12.27720
11.55320
12.09660
11.62020
11.41840
11.03550
12.10450
11.54310
12.06900
12.92160
12.50610
12.33490
12.54000
11.29500
12.61590
12.57290
12.42240
12.39080
12.08410
10.92660
11.10690
11.60650
11.87750
10.69560
12.26950
11.13130
11.28660
12.55420
11.85460
12.51680
12.33480
11.08500
11.59580
11.39070
12.48620
12.27360
11.73220
11.28370
12.33590
11.86670
12.00750
12.55390
11.26270
12.44500
11.99530
11.43630
12.55330
11.08340
12.39670
11.83460
12.29730
12.14810
12.13650
11.95790
13.13580
11.58580
12.23680
12.02570
12.18470
11.00680
12.71100
12.11890
11.86020
10.92390
11.26910
10.66560
12.20230
10.86040
12.45950
13.43150
12.56520
12.60610
11.85310
11.70150
11.99840
11.40350
12.98430
12.33750
12.79990
12.16790
11.58420
12.08160
11.11000
11.72700
13.11710
11.93360
11.83450
12.43400
11.48520
11.77120
12.12800
12.43040
11.78090
12.20750
12.59060
12.36430
11.54070
12.90170
10.96310
11.38490
12.91110
11.41430
11.61620
12.07550
11.82890
11.32610
11.43890
12.50700
12.40780
13.40950
11.84430
11.41220
11.83100
12.21680
10.84400
11.18870
11.30140
12.24570
11.70470
12.46800
10.88320
12.13470
11.04420
11.90130
11.60180
10.86190
12.51520
12.15120
12.93410
11.99610
12.30600
12.32860
11.21020
11.36540
11.90710
12.51080
10.77170
12.76930
11.45770
11.47230
12.13720
10.55190
11.28390
11.66010
12.19880
12.36030
13.62490
10.88920
13.12120
11.83330
12.76350
11.17750
11.99230
10.65830
11.87140
11.91570
12.12270
11.29270
10.69410
11.36540
10.83800
11.62950
11.50650
13.53180
11.12350
12.63810
12.32070
13.02860
11.59750
13.18360
11.49480
12.24370
11.60320
10.71060
11.87340
11.07800
11.06450
11.95410
11.92950
11.69520
9.494140
11.73000
11.66390
11.78860
10.98950
11.84160
10.12330
11.19420
11.53870
12.67420
12.03110
13.03490
12.19590
12.22920
12.14720
10.93080
12.47770
12.11850
12.26130
10.88180
12.76520
12.12150
11.72410
11.58470
12.54090
11.44920
12.53580
12.31980
12.08130
10.86170
12.87040
11.47150
12.65250
11.61190
11.51190
12.45280
12.44400
12.38580
10.76440
11.43110
11.49250
13.39520
13.13150
11.62130
12.38420
12.78170
12.33670
12.81270
12.07880
12.85760
12.85850
11.97190
11.48200
10.96470
11.41370
11.81480
10.95690
12.39700
11.64910
11.51330
12.25360
10.99050
12.70930
12.05040
12.40620
12.15610
12.68790
12.28120
13.33250
12.07370
12.17080
12.26130
12.72230
11.12380
10.38150
11.74280
11.53740
11.80910
11.72440
11.99710
11.80260
13.58130
10.76470
12.54300
12.12780
11.41170
11.04050
11.92300
11.50120
12.16500
11.78200
12.50240
12.16700
10.56420
13.11830
13.28280
12.07700
11.14710
12.29150
13.11020
12.98820
11.94970
11.85450
12.24610
10.90620
11.48260
11.89810
12.68410
12.77980
12.08590
11.77630
11.55630
11.99770
11.60050
11.68680
12.57120
11.71790
11.42320
11.90460