39
15
21
21
12
33
33
13
38
33
29
39
23
24
30
35
23
19
11
35
39
22
31
34
17
37
28
33
21
38
14
21
39
17
25
23
16
14
17
33
40
18
13
33
32
32
16
24
24
19
24
39
34
32
19
11
40
14
21
35
25
38
23
28
13
33
14
21
36
38
39
37
16
32
10
34
13
17
16
32
17
23
36
19
32
18
31
34
35
35
14
39
32
15
23
14
25
40
11
34
19
26
12
17
10
22
39
33
29
21
16
23
26
10
38
16
13
21
28
22
20
20
36
11
29
31
32
28
37
12
15
20
21
11
28
31
14
11
27
32
22
37
19
17
19
20
20
22
23
32
25
18
18
17
24
38
26
32
24
22
39
16
32
37
16
27
37
13
31
30
31
19
19
17
32
18
35
40
39
28
30
30
16
37
17
11
31
38
33
20
18
27
19
32
17
22
15
31
26
36
40
20
35
33
38
29
39
10
12
30
37
11
40
25
11
14
34
19
27
23
17
22
32
28
26
27
20
19
25
21
16
34
14
29
21
22
30
38
33
29
37
28
35
28
24
38
40
26
40
30
34
18
14
30
28
33
36
13
38
37
30
12
24
12
38
16
38
14
15
11
12
40
12
15
30
16
35
25
10
40
34
18
30
37
12
17
12
24
22
15
17
21
25
29
20
21
19
31
37
29
34
37
29
40
15
35
15
38
13
17
15
20
34
38
12
35
40
17
13
11
19
36
33
38
23
31
36
39
38
33
10
39
32
25
30
33
15
21
15
22
29
40
20
17
27
26
15
35
39
24
15
33
26
12
24
32
27
31
32
26
40
28
31
35
17
23
27
16
34
23
13
17
23
27
27
10
39
21
20
35
16
28
28
25
22
17
10
25
24
17
32
22
13
36
40
21
25
10
37
17
36
40
38
10
32
33
16
38
31
22
26
30
30
18
22
30
40
28
29
18
18
37
15
17
26
11
17
34
23
31
21
13
31
38
19
36
17
27
14
20
36
18
38
22
26
13
12
25
40
37
34
14
17
25
16
26
10
30
30
30
17
17
35
22
36
31
28
27
32
25
35
24
18
39
27
32
20
32
28
39
39
37
40
33
31
39
33
26
21
35
35
36
26
12
16
20
28
36
27
35
33
28
35
36
36
28
33
37
29
32
29
28
30
29
28
13
14
17
25
22
26
22
38
20
31
26
27
30
16
21
38
14
33
35
10
32
24
10
24
22
18
31
15
32
29
22
33
30
24
21
32
36
29
22
15
26
28
24
35
34
12
31
23
34
23
29
11
29
39
38
34
28
16
18
33
10
14
24
28
25
14
39
27
36
14
31
24
32
12
18
21
21
16
18
20
37
29
27
34
34
12
15
25
38
33
24
32
35
34
21
30
38
23
36
21
40
13
15
19
13
21
22
21
20
31
20
38
33
32
20
26
36
15
20
29
26
31
30
20
13
11
31
13
20
35
15
12
34
13
23
36
34
27
26
28
23
11
35
22
10
11
35
24
15
10
31
34
15
34
17
11
15
30
35
31
22
26
37
35
16
27
23
33
23
32
21
37
18
31
16
22
25
18
21
32
35
39
27
13
19
17
22
33
26
36
17
24
16
39
36
30
12
35
30
10
14
20
17
23
35
20
32
33
22
18
17
17
39
11
16
22
37
26
38
14
20
22
32
39
27
39
26
13
30
20
29
25
26
39
10
16
11
16
34
35
18
22
19
38
17
40
35
21
38
35
28
14
21
12
28
38
19
24
37
25
21
22
35
37
28
40
20
21
21
14
23
25
25
24
16
17
14
24
17
33
31
14
34
37
22
35
34
34
33
37
27
24
31
12
24
30
21
12
13
33
13
34
26
12
29
10
40
17
37
36
31
24
10
12
18
12
25
35
11
23
18
18
39
31
27
34
12
19
13
18
16
33
21
20
20
19
10
36
24
32
29
32
35
11
16
22
22
19
20
39
39
29
11
17
22
25
30
16
36
32
33
37
17
33
32
18
17
12
31
29
14
31
22
35
36
27
15
22
32
25
33
36
34
14
14
23
38
18
23
30
20
18
35
35
27
27
22
24
19
12
17
37
26
21
27
21
37
23
26
14
12
27
34
24
16
36
31
26
27
28
16
31
40
32
11
14
40
33
39
27
31
24
30
40
37
12
14
10
31
24
34
36
36
22
15
24
25
15
11
24
15
35
26
27
36
35
40
23
38
14
25
33
15
19
32
15
24
34
25
21
25
13
36
23
27
16
21
36
11
14
21
27
16
31
12
